=====measurements=====
|t|ch1|ch2|ch3|ch4|
1176,20,-112,16496,0
1195,8,-124,16444,0
1227,-12,-108,16376,0
1246,56,-136,16448,0
1265,8,-144,16532,0
1288,12,-136,16448,0
1308,40,-108,16536,0
1331,8,-132,16556,0
1352,12,-128,16552,0
1377,72,-52,16432,0
1397,-16,-112,16344,0
1422,36,-116,16552,0
1444,8,-124,16388,0
1467,84,-80,16476,0
1488,-8,-136,16384,0
1512,4,-128,16496,0
1533,-8,-132,16412,0
1553,88,-104,16444,0
1577,-48,-132,16456,0
1601,16,-116,16532,0
1623,40,-120,16424,0
1644,64,-112,16504,0
1670,164,-96,16588,0
1688,-2232,-412,16136,0
1713,180,40,16452,0
1734,-28,-124,16400,0
1761,8,-112,16424,0
1781,100,-88,16428,0
1803,4,-72,16532,0
1823,0,-40,16316,0
1844,-64,-144,16508,0
1868,-16,-92,16628,0
1893,4,-144,16516,0
1917,-8,-96,16572,0
1938,56,-124,16336,0
1958,96,-128,16500,0
1979,36,-76,16496,0
2003,96,-160,16564,0
2024,-100,-120,16428,0
2051,44,-88,16496,0
2069,-4,-32,16492,0
2094,-8,-56,16488,0
2114,92,-160,16484,0
2139,64,-48,16396,0
2159,120,1400,16580,0
2181,-224,-596,16312,0
2206,-132,1732,16504,0
2231,-3192,1428,15852,0
2248,1756,-3528,15884,0
2274,-84,-152,16532,0
2295,28,-40,16572,0
2319,344,856,16508,0
2341,-660,460,18136,0
2363,156,-792,17408,0
2387,-740,-1536,17508,0
2405,-908,-396,19424,0
2429,1408,384,20308,0
2452,1240,616,20740,0
2475,-696,1616,21448,0
2495,1312,3880,12964,0
2523,376,4008,10236,0
2541,880,5276,7028,0
2565,-484,7232,11260,0
2585,136,6248,16268,0
2610,-136,6148,16360,0
2630,768,6184,14628,0
2655,-304,6344,13676,0
2678,1168,7156,9264,0
2700,296,5276,14792,0
2721,-8,5040,16172,0
2745,1696,4488,15404,0
2766,-1504,4984,14936,0
2790,1164,4080,13592,0
2813,-52,3908,15240,0
2836,-324,2376,17132,0
2857,-348,-1228,18904,0
2880,696,-1940,13996,0
2901,4452,1456,22188,0
2925,1020,-1400,17188,0
2946,-772,-1588,17036,0
2972,-520,-2596,16712,0
2993,-2380,-3504,14864,0
3015,-1348,-6040,16508,0
3036,-720,-5744,16120,0
3060,-648,-4916,16020,0
3081,-148,-6720,14796,0
3106,764,-8608,13568,0
3129,864,-7776,13816,0
3151,1452,-7672,14900,0
3173,348,-8400,15124,0
3196,1364,-9648,14412,0
3216,2000,-9028,13556,0
3241,1468,-9096,12768,0
3263,2236,-8732,12292,0
3288,2772,-9796,13960,0
3310,2924,-8364,15816,0
3331,4124,-8716,12492,0
3358,5960,-7136,11656,0
3376,5336,-5664,9516,0
3400,4752,-1540,10364,0
3424,7312,-5164,20804,0
3445,10616,-4740,18016,0
3466,8204,-1928,11748,0
3491,8760,380,12416,0
3511,9068,336,14640,0
3533,12252,-2008,14600,0
3556,10704,-760,11324,0
3584,11564,-1256,10856,0
3601,9116,204,11216,0
3625,10800,180,10664,0
3646,12060,304,8164,0
3672,12528,-80,9020,0
3692,11744,212,11440,0
3713,12448,1624,9524,0
3739,13580,1112,11284,0
3764,14224,920,9952,0
3781,13680,0,9748,0
3802,13908,396,8752,0
3827,13552,388,10024,0
3847,14212,916,9348,0
3871,12748,920,9480,0
3894,13736,1820,8036,0
3920,14260,-660,12272,0
3937,13092,-408,13116,0
3962,13032,-112,7892,0
3986,12048,420,6944,0
4007,12496,-96,10112,0
4030,12272,200,11044,0
4052,13156,1152,10460,0
4074,13236,1392,9964,0
4097,12748,2140,8496,0
4121,12640,2252,10540,0
4142,11424,2304,15084,0
4169,12500,1164,12440,0
4188,11660,1100,11620,0
4212,9664,2160,12884,0
4233,10660,484,11932,0
4256,9608,-360,13420,0
4276,10824,-464,13132,0
4301,7168,704,14892,0
4322,6672,0,15388,0
4349,6964,660,14232,0
4369,9020,676,13076,0
4390,5904,144,14104,0
4412,6008,388,16092,0
4433,7024,-708,16636,0
4458,6320,-308,14584,0
4483,5664,1220,14016,0
4504,5836,660,13252,0
4527,8856,128,15992,0
4547,7308,-928,16532,0
4567,7540,-288,14160,0
4593,7148,456,11980,0
4612,5992,552,11244,0
4642,7140,-332,10792,0
4724,9920,-1088,14496,0
4725,9036,-1136,17732,0
4747,9624,-2464,15228,0
4772,9604,-1232,8732,0
4797,11292,-1460,19880,0
4818,9360,-1948,9548,0
4843,7224,-412,8508,0
4865,11884,-2528,15492,0
4889,-3788,2612,3884,0
4908,2828,-404,8372,0
4933,4068,-596,3784,0
4954,3864,-472,4108,0
4973,14960,-3640,24132,0
4998,9416,-2732,13352,0
5020,8752,-3404,16464,0
5045,6992,-376,15832,0
5067,8892,-364,14796,0
5088,8540,456,13800,0
5113,7928,1108,14020,0
5132,6940,-604,16636,0
5153,8888,-1332,16452,0
5180,10092,-2492,13080,0
5198,7968,-1160,11844,0
5223,5432,296,13060,0
5248,1728,664,16556,0
5271,3108,888,16404,0
5289,3488,328,15164,0
5313,-272,872,15236,0
5336,-1988,-232,17864,0
5359,-188,380,18384,0
5379,3128,-504,16144,0
5403,-2268,1052,14644,0
5423,-6884,820,17016,0
5451,-6548,1364,16600,0
5471,-1036,-208,15276,0
5493,-5296,496,14164,0
5514,-8080,-592,14884,0
5538,-5932,-668,16424,0
5559,-8616,1604,12716,0
5584,-9108,904,13248,0
5609,-10216,-1688,13940,0
5631,-10500,-336,12096,0
5653,-10848,128,11400,0
5679,-12656,456,11016,0
5701,-12944,-616,11356,0
5718,-13888,-1080,10004,0
5746,-13076,-204,8616,0
5763,-12456,244,7408,0
5791,-13948,480,6880,0
5813,-14584,216,6324,0
5834,-14712,-256,5920,0
5856,-14100,-800,5396,0
5874,-14688,376,5024,0
5899,-15760,764,3960,0
5929,-14676,-1804,7500,0
5948,-15192,392,2660,0
5969,-16792,1212,3200,0
5990,-14756,-56,3432,0
6014,-15876,740,2308,0
6034,-16248,8,2560,0
6055,-15380,488,1824,0
6082,-14268,552,1356,0
6099,-15080,164,784,0
6124,-15620,-116,1644,0
6144,-16516,-344,-88,0
6171,-28384,1916,1120,0
6189,-15804,400,-740,0
6214,-16512,188,-532,0
6236,-16368,376,-1040,0
6264,-16200,-52,-1240,0
6345,-16052,88,-1408,0
6346,-15972,-596,-2320,0
6370,-15976,92,-1244,0
6394,-16012,172,-1276,0
6415,-16856,272,-56,0
6440,-15904,36,-1492,0
6463,-16152,132,-1648,0
6485,-16056,12,-1744,0
6505,-16060,12,-1700,0
6529,424,0,0,0
6551,-15948,-24,-2508,0
6579,-16016,32,-2520,0
6664,-15848,40,-2540,0
6737,-15784,24,-2928,0
6738,-16120,76,-2396,0
6760,-15988,28,-2528,0
6776,-15940,92,-2444,0
6802,-15900,-32,-2388,0
6821,-15904,-36,-2448,0
6846,-15856,112,-2840,0
6867,-15784,116,-2876,0
6894,-15876,44,-3084,0
6911,-15860,92,-3348,0
6936,-16176,-56,-3220,0
6956,-16016,20,-3136,0
6983,-16928,-2296,-108,0
7001,-24108,-60,-6360,0
7025,-16484,-2212,-1508,0
7048,-16780,-828,976,0
7075,-17284,1096,164,0
7091,-15696,-1268,2080,0
7115,-16068,36,3136,0
7136,-17300,-676,4576,0
7160,-17720,-1604,7724,0
7181,-17512,-1464,8460,0
7208,-12712,-4904,11644,0
7226,-11720,-2716,9780,0
7247,-14228,-3744,12104,0
7271,-8604,-2360,11936,0
7296,-4840,-3832,11524,0
7317,-5144,-460,10904,0
7341,-6368,-3524,17144,0
7363,-3892,-3192,17096,0
7389,0,-3424,15788,0
7406,1416,-3408,11756,0
7431,1600,-2812,14140,0
7452,3204,-2240,16060,0
7476,5360,-2116,16408,0
7500,4608,-1952,13240,0
7522,4064,-472,11788,0
7541,8236,-2596,12896,0
7566,6016,-3164,14076,0
7586,9628,-3860,17932,0
7611,7468,-3316,16336,0
7631,5976,-1236,16784,0
7658,8968,-992,17764,0
7680,11736,84,13136,0
7701,12052,228,9812,0
7722,11532,-156,12512,0
7747,12920,-1100,13096,0
7767,14628,-364,10224,0
7795,14332,868,7880,0
7814,12976,1620,7484,0
7837,14280,464,8648,0
7859,15100,584,8128,0
7881,15680,1516,4448,0
7903,13224,1780,6264,0
7928,14936,1436,7168,0
7952,13892,1260,5564,0
7973,14048,732,6360,0
7994,14960,580,6684,0
8017,14980,328,5132,0
8036,13152,556,6328,0
8062,12152,44,10964,0
8083,15804,804,10848,0
8109,11448,2920,7392,0
8129,10592,1788,9228,0
8151,10348,636,12272,0
8173,12300,-304,13812,0
8196,6944,2292,13232,0
8217,6684,1000,13056,0
8242,8480,-260,13332,0
8268,7852,-224,14888,0
8286,3852,108,14784,0
8308,6600,-864,14676,0
8332,4076,52,15188,0
8353,960,-200,17404,0
8377,2544,820,16056,0
8397,3176,4,16692,0
8423,5512,-4680,5092,0
8442,672,-11244,28488,0
8468,1248,1336,24052,0
8489,2804,320,15564,0
8515,-236,-24,16296,0
8532,124,-108,16440,0
8557,72,-152,16392,0
8580,96,-44,16264,0
8607,32,-108,16396,0
8685,84,-76,16512,0
8686,48,-16,16496,0
8713,64,-4,16340,0
8734,20,-32,16212,0
8758,-12,-96,16400,0
8782,-44,-80,16444,0
8803,48,-112,16472,0
8824,-68,-64,16540,0
8848,36,68,16520,0
8869,12,-80,16464,0
8892,68,-96,16400,0
8914,16,-144,16428,0
8940,72,-68,16496,0
8961,24,-132,16492,0
8983,40,-64,16376,0
9004,-28,-96,16428,0
9024,44,-128,16412,0
9049,52,-136,16436,0
9070,48,-72,16392,0
9097,-64,36,16392,0
9118,76,-132,16404,0
9140,-84,-116,16276,0
9159,116,-128,16380,0
9184,12,-128,16484,0
9206,36,-96,16564,0
9235,-52,-176,16340,0
9251,60,-140,16596,0
9274,12,-72,16476,0
9295,20,-96,16484,0
9319,16,-144,16432,0
9340,68,-56,16524,0
9362,56,-80,16412,0
9386,68,-100,16500,0
9408,60,-120,16488,0
9430,52,-104,16660,0
9452,104,-136,16360,0
9475,24,-116,16484,0
9495,72,-216,16376,0
9520,8,-172,16496,0
9542,32,-140,16392,0
9564,88,-120,16476,0
9585,92,-44,16328,0
9611,-12,-68,16500,0
9630,-4,-84,16388,0
9655,-116,-44,16468,0
9676,20,-52,16504,0
9699,64,-108,16464,0
9720,28,-176,16452,0
9741,164,-100,16412,0
9766,-44,-108,16572,0
9786,-16,-120,16540,0
9811,-92,-48,16488,0
9832,24,-100,16392,0
9860,-4,-72,16480,0
9875,72,-180,16456,0
9901,56,-96,16468,0
9922,60,-80,16596,0
9946,16,-20,16436,0
9967,24,-104,16492,0
9994,24,-176,16476,0
10014,48,-172,16488,0
10031,72,-124,16620,0
10058,-28,-184,16364,0
10079,-20,-172,16420,0
10101,12,-80,16536,0
10123,16,-124,16320,0
10148,44,-144,16288,0
10167,-20,-96,16680,0
10192,0,-208,16596,0
10212,68,-52,16528,0
10236,-40,-40,16420,0
10257,-40,-148,16240,0
10281,-32,-180,16432,0
10305,-56,-44,16516,0
10327,60,-56,16508,0
10347,56,-44,16484,0
10368,88,-84,16548,0
10393,40,-44,16548,0
10412,52,-136,16424,0
10437,-16,-160,16308,0
10463,64,-112,16536,0
10485,60,-108,16352,0
10502,-8,-84,16256,0
10528,72,-116,16440,0
10548,40,-112,16448,0
10577,48,-24,16488,0
10593,92,-160,16444,0
10619,60,-112,16468,0
10640,140,-52,16544,0
10658,140,-100,16520,0
10683,60,-60,16592,0
10703,28,-68,16472,0
10728,-20,-20,16416,0
10751,-72,-32,16564,0
10773,80,-56,16376,0
10796,-7284,-276,14784,0
10818,-12956,-1492,18488,0
10839,13012,200,17448,0
10864,13388,2344,16288,0
10888,4120,3852,16260,0
10909,-852,-420,16528,0
10930,-584,44,16572,0
10953,12,-80,16520,0
10973,-24,-144,16496,0
10998,-16,-16,16528,0
11018,-4,-148,16508,0
11045,44,-12,16380,0
11066,-36,-128,16428,0
11088,-44,-104,16508,0
11111,84,-68,16452,0
11133,-20,-124,16552,0
11154,-4,-104,16496,0
11179,-16,-80,16584,0
11202,8,52,16608,0
11220,12,-196,16708,0
11245,40,4,16472,0
11264,60,-36,16292,0
11289,12,-192,16608,0
11310,-8,-128,16540,0
11335,-56,-172,16412,0
11358,60,-12,16224,0
11379,-40,-104,16536,0
11400,-32,-156,16496,0
11424,-8,-56,16416,0
11444,-20,-116,16528,0
11469,60,-116,16272,0
11489,64,-76,16492,0
11517,-40,-56,16376,0
11535,48,-108,16508,0
11555,-48,-72,16552,0
11580,48,-4,16448,0
11600,32,-20,16540,0
11625,-20,-20,16588,0
11646,36,-116,16356,0
11672,12,-64,16572,0
11690,-32,-92,16548,0
11716,-92,-12,16300,0
11736,20,-120,16320,0
11763,-1352,3832,16412,0
11780,-1368,3752,16496,0
11803,4064,-5364,16488,0
11830,5040,1024,17708,0
11846,5944,-276,15596,0
11871,752,-144,18112,0
11893,504,-1320,17672,0
11920,-2472,-1452,17208,0
11935,-6704,-288,16396,0
11963,-5004,1008,16936,0
11984,-4304,0,16704,0
12006,-1764,-560,16424,0
12028,108,-96,16360,0
12051,-768,-420,16452,0
12077,24,-96,16436,0
12095,852,356,16356,0
12123,556,180,16556,0
12144,548,-32,16520,0
12162,112,-72,16436,0
12186,76,-152,16304,0
12208,-44,-84,16504,0
12232,8,-140,16384,0
12252,40,-116,16316,0
12279,44,-128,16252,0
12300,80,-24,16440,0
12327,-56,-68,16648,0
12342,44,-80,16460,0
12366,-740,260,16464,0
12387,-11360,-1012,16192,0
12412,-3752,-292,17040,0
12433,-4948,-252,16980,0
12455,3920,712,15540,0
12476,4320,-100,15892,0
12498,6624,36,17052,0
12522,6020,352,16656,0
12547,308,28,16532,0
12569,7876,2580,17104,0
12592,3400,-84,17608,0
12613,1764,360,16424,0
12632,-680,-492,16000,0
12657,-5104,-1652,15868,0
12683,-8788,-2244,16300,0
12702,-1112,188,16584,0
12725,-14320,124,15212,0
12747,-5132,1780,13588,0
12768,9676,2192,17120,0
12796,11092,-644,15400,0
12812,260,-96,16488,0
12837,9180,1872,16704,0
12859,2952,-892,16960,0
12886,460,-1068,16424,0
12908,-4284,-780,16896,0
12929,-9776,908,16356,0
12952,-1120,-2396,16652,0
12972,-14020,1884,14876,0
12993,-4492,2008,17004,0
13020,9088,312,16460,0
13038,6992,-1320,15552,0
13063,360,-44,16348,0
13084,5892,1456,16456,0
13108,7008,-308,16532,0
13128,516,-400,17444,0
13153,-5508,-1424,16928,0
13177,-6520,916,16304,0
13202,-592,-164,16256,0
13218,-15096,-1564,16932,0
13243,-2964,1200,16864,0
13269,1084,1324,13960,0
13287,7640,-1136,16620,0
13308,5324,-984,16348,0
13338,-8,-120,16300,0
13353,6588,1372,16800,0
13378,3596,304,15276,0
13400,1724,-684,17408,0
13423,-2952,-884,16708,0
13444,-5200,932,15784,0
13469,-48,-152,16412,0
13492,-15872,-356,15960,0
13513,-5684,3792,15432,0
13534,4328,-1212,16668,0
13559,6268,-2408,16072,0
13581,3608,-512,16184,0
13608,164,-168,16404,0
13625,6580,960,16332,0
13651,1736,128,15652,0
13673,-1608,-1112,17628,0
13694,-2792,-736,15512,0
13715,-968,-292,16368,0
13739,-2084,-472,16180,0
13763,0,4,16496,0
13786,96,-36,16520,0
13807,-144,-924,16412,0
13829,104,112,16364,0
13851,148,248,16412,0
13874,28,-96,16300,0
13894,116,-96,16424,0
13916,372,-140,16300,0
13942,332,-92,16524,0
13963,64,-272,16532,0
13991,124,-508,16356,0
14008,40,-404,16476,0
14029,-36,984,16552,0
14051,72,1032,16776,0
14074,412,-216,16512,0
14098,456,-260,17064,0
14119,100,-344,17644,0
14140,-704,-1912,15972,0
14164,-912,-2372,16624,0
14185,44,-4344,16000,0
14209,644,-5264,14924,0
14236,544,-7728,14012,0
14254,276,-8024,13764,0
14276,-160,-7924,13972,0
14305,-2908,-8660,21072,0
14320,-1448,-8120,13404,0
14345,-744,-11128,14008,0
14370,352,-11096,10556,0
14393,772,-11484,10816,0
14413,592,-10628,14708,0
14436,8,-10452,12368,0
14457,568,-12056,10492,0
14483,-100,-12712,10504,0
14500,96,-13756,9156,0
14525,-832,-13532,9516,0
14547,-292,-13596,9228,0
14570,-160,-13560,9132,0
14592,-2284,-10820,12460,0
14615,-460,-11396,11176,0
14639,828,-11368,11172,0
14660,896,-10300,12664,0
14681,252,-11428,12032,0
14705,-68,-7428,14516,0
14726,880,-7172,15352,0
14750,-728,-5992,15164,0
14773,-1348,-6016,15280,0
14797,456,-3040,16420,0
14815,12,-2140,16668,0
14843,-208,-2984,16300,0
14864,-96,-140,16460,0
14890,292,-544,16672,0
14905,-244,1080,16288,0
14931,12,1500,16508,0
14951,-2312,7788,17864,0
14976,7616,-4624,14548,0
15134,-3828,-5196,16136,0
15134,-732,-388,18412,0
15155,1732,-280,16548,0
15176,20,1260,16444,0
15201,-2040,-464,18712,0
15222,-2460,80,22088,0
15245,1144,1968,22140,0
15269,1860,-40,18972,0
15290,892,1932,18408,0
15312,932,3852,16732,0
15340,776,3044,14900,0
15356,-940,4548,14584,0
15381,-908,5056,11968,0
15403,-1292,6672,10760,0
15428,-940,11184,8772,0
15452,1160,11792,10528,0
15470,528,12080,10388,0
15491,368,12556,9336,0
15516,544,12776,10132,0
15537,1060,13588,12536,0
15561,2924,13344,11016,0
15585,1664,13448,6404,0
15607,436,14352,5224,0
15626,-3272,15484,5632,0
15651,-2732,15980,1936,0
15675,-564,15928,2660,0
15696,-232,16060,4124,0
15717,52,16056,3604,0
15744,288,16116,3236,0
15766,140,16572,1320,0
15786,176,17200,-1244,0
15807,36,16688,632,0
15831,-804,16776,2184,0
15852,2136,16096,2732,0
15877,100,16548,720,0
15900,140,15808,2292,0
15922,-1292,15148,4068,0
15942,932,14440,3036,0
15967,-252,13592,5496,0
15988,4992,9308,5924,0
16015,1572,8744,6860,0
16034,-7052,8748,10252,0
16057,2816,14684,5484,0
16077,-392,9736,13464,0
16102,524,4440,18948,0
16124,960,3648,19256,0
16147,-404,2140,16668,0
16169,880,1156,14944,0
16194,1524,1840,14604,0
16215,2408,700,23596,0
16237,-780,-1976,32767,0
16257,1900,180,11308,0
16282,2912,-208,17608,0
16303,3748,148,17124,0
16327,2720,-1364,17812,0
16350,2000,-680,21184,0
16371,5688,-1556,15884,0
16393,8232,-4404,16596,0
16420,10528,3312,14216,0
16437,8144,2136,13308,0
16462,8940,-4504,9972,0
16485,9176,-8,6684,0
16508,14876,-572,7996,0
16529,12372,3592,6596,0
16552,15764,3652,10168,0
16576,15492,2548,8736,0
16598,15212,-1180,3872,0
16620,12124,-2508,2412,0
16644,12756,-2456,1064,0
16663,14968,-2036,2704,0
16688,15012,876,316,0
16712,15576,1472,1568,0
16734,21328,2564,-884,0
16753,17200,-4700,24,0
16778,17448,-1996,-5112,0
16802,16832,-64,556,0
16827,16392,-160,276,0
16842,16320,-64,52,0
16868,16792,28,-2856,0
16892,16336,-184,932,0
16913,18660,-1292,-3668,0
16935,13260,-672,3136,0
16959,15708,3172,-1148,0
16977,19312,2280,-1120,0
17003,15596,-7624,4316,0
17027,16004,-336,2012,0
17048,16676,-624,2092,0
17068,16588,1952,-2004,0
17096,16296,-80,1160,0
17116,16336,-152,1200,0
17139,17168,188,-2956,0
17158,16360,-72,576,0
17184,16756,20,-208,0
17203,16748,-132,-328,0
17228,16736,-12,-124,0
17251,16420,-104,832,0
17269,16432,-72,640,0
17295,16632,-76,356,0
17318,16480,-124,868,0
17338,16300,-28,1248,0
17363,16440,-124,1048,0
17384,16452,-44,1000,0
17404,16488,-64,1184,0
17429,16572,-160,1064,0
17452,16392,-64,1176,0
17474,16408,-76,916,0
17495,16648,-40,864,0
17520,16436,-68,948,0
17542,16480,-32,980,0
17564,16408,-48,1272,0
17585,16424,-84,1060,0
17609,16428,-48,1212,0
17629,16000,-168,2268,0
17654,16416,-144,1448,0
17674,16460,-48,1408,0
17703,16484,-100,1376,0
17720,16380,-112,1556,0
17744,16432,-112,1588,0
17765,16468,-52,1280,0
17789,16400,-112,1520,0
17809,16380,76,1360,0
17834,16532,-172,1400,0
17859,16392,76,1468,0
17879,16288,28,1664,0
17900,16400,-140,1588,0
17924,16532,-76,1528,0
17945,16440,-64,1332,0
17969,16432,32,1408,0
17990,16472,-56,1544,0
18018,16324,-64,1400,0
18034,16540,-92,1392,0
18056,16412,-76,1472,0
18080,16400,60,1276,0
18101,16408,-64,1280,0
18125,16440,-60,1308,0
18149,16532,-64,1376,0
18173,16412,-80,1516,0
18190,16544,-32,1600,0
18216,16408,-64,1352,0
18236,16396,-176,1784,0
18263,16448,-68,1580,0
18280,16352,-104,1736,0
18306,16416,-44,1624,0
18326,16344,-72,1432,0
18351,16428,-80,1608,0
18371,16420,-56,1636,0
18396,16428,-184,1376,0
18416,16400,-92,1624,0
18440,16372,-168,1696,0
18463,16348,-76,1520,0
18485,16520,-72,1408,0
18507,16476,-104,1384,0
18531,16372,-4,1548,0
18552,16312,-68,1596,0
18576,16440,-56,1248,0
18596,16464,-72,1468,0
18623,16432,28,1348,0
18644,16428,-12,1344,0
18661,16380,-92,1248,0
18687,16384,-104,1304,0
18707,16396,-48,1308,0
18732,16432,-64,1312,0
18752,16452,-32,1324,0
18778,16548,-112,1228,0
18799,16500,-92,1052,0
18827,16668,4,996,0
18842,16576,-84,1068,0
18866,16452,-84,1148,0
18887,16524,-72,1240,0
18911,16452,-16,1280,0
18934,16400,-56,1328,0
18957,16364,-48,1540,0
18977,16220,-120,1388,0
19001,16472,-48,1236,0
19023,16496,-40,1236,0
19051,16424,16,1224,0
19069,16444,-16,940,0
19091,16580,-56,844,0
19112,16492,-164,804,0
19136,16532,-40,808,0
19158,16540,-40,680,0
19182,16632,-20,840,0
19204,16472,-32,984,0
19225,16472,-64,932,0
19247,16468,-80,768,0
19268,16452,-112,848,0
19296,16436,-96,1104,0
19312,16568,-88,656,0
19337,16508,-52,896,0
19358,16440,-40,684,0
19385,16564,8,796,0
19406,16548,24,892,0
19427,16592,-100,528,0
19453,16468,-172,508,0
19472,16456,-56,608,0
19493,16544,-20,628,0
19522,16480,-16,572,0
19538,16560,32,588,0
19560,16444,-152,488,0
19584,16440,-60,584,0
19607,16452,-92,724,0
19629,16456,-132,616,0
19652,16564,-72,456,0
19675,16516,-56,328,0
19694,16476,-60,368,0
19719,16528,-84,360,0
19739,16532,-128,424,0
19764,16440,-48,428,0
19783,16484,-64,368,0
19809,16412,0,624,0
19830,16580,-72,680,0
19858,16524,-68,508,0
19874,16584,-28,468,0
19899,16480,-72,308,0
19921,16500,-100,544,0
19944,16464,-56,504,0
19964,16448,-56,288,0
19991,16568,-64,420,0
20009,16512,-24,404,0
20034,16564,-40,432,0
20055,16588,-60,408,0
20074,16552,-16,432,0
20099,16600,-60,544,0
20122,16540,-108,484,0
20144,16532,44,352,0
20164,16508,-12,424,0
20190,16508,-4,384,0
20211,16528,-16,212,0
20235,16556,-12,488,0
20254,16504,-116,456,0
20282,16516,-108,328,0
20303,16548,-168,548,0
20326,16460,-92,480,0
20344,16624,-28,432,0
20370,16452,-92,416,0
20392,16540,-88,284,0
20414,16432,-188,360,0
20436,16476,-112,716,0
20460,16532,0,316,0
20482,16612,-52,448,0
20500,16624,-56,248,0
20526,16504,28,272,0
20546,16680,-28,644,0
20571,16516,-20,716,0
20594,16888,-56,336,0
20616,16684,4,652,0
20639,16708,-32,1128,0
20660,16624,-108,1560,0
20680,16316,-100,2472,0
20705,15896,-44,3700,0
20728,15720,2124,4432,0
20750,19636,536,-3820,0
20773,14444,944,2924,0
20796,16288,432,2284,0
20816,14408,268,7472,0
20841,15636,112,4992,0
20861,17588,328,5140,0
20890,8312,964,9184,0
20906,3976,2720,760,0
20930,8528,-2992,5660,0
20953,11612,-2532,15600,0
20976,12980,2192,18580,0
20996,5372,976,14580,0
21024,6804,68,14088,0
21043,8520,-2372,11684,0
21065,7620,-996,15124,0
21086,3612,852,15724,0
21111,4032,828,16616,0
21132,3716,-124,16584,0
21156,3352,148,11912,0
21176,1344,1924,16144,0
21198,1888,-400,17672,0
21222,1384,-564,16096,0
21246,456,76,15248,0
21267,1596,-120,15936,0
21287,936,-564,19164,0
21312,2364,-640,17832,0
21332,-184,-368,19004,0
21361,40,-180,17200,0
21381,-16,-144,16340,0
21402,1360,-432,16144,0
21425,-48,-56,16464,0
21446,12,-60,16384,0
21467,24,-52,16304,0
21494,60,-136,16460,0
21514,12,-176,16472,0
21536,-52,-88,16364,0
21558,-60,-100,16560,0
21582,-76,-164,16596,0
21602,-28,-160,16576,0
21627,-32,-164,16424,0
21650,-176,0,16272,0
21675,-84,-136,16436,0
21692,-68,-136,16512,0
21718,-128,-32,16324,0
21738,-68,40,16520,0
21762,32,-272,16524,0
21783,-148,-16,16548,0
21806,-48,-28,16636,0
21828,-96,-8,16412,0
21848,-76,-156,16440,0
21873,16,-112,16456,0
21894,-156,-116,16292,0
21920,-128,-88,16372,0
21937,-56,12,16444,0
21965,-84,-84,16488,0
21983,-76,-168,16564,0
22013,-48,-104,16336,0
22028,-20,-48,16464,0
22057,-44,-16,16444,0
22078,-116,-148,16412,0
22100,-88,-120,16328,0
22121,-76,-72,16464,0
22141,-44,-76,16400,0
22164,-80,-72,16396,0
22185,-64,-80,16492,0
22209,-52,-72,16588,0
22234,-20,-88,16472,0
22256,-136,-40,16516,0
22276,0,-208,16428,0
22299,4,-44,16584,0
22319,48,-112,16392,0
22344,24,-96,16572,0
22365,52,-136,16448,0
22388,-76,-88,16400,0
22411,-32,-120,16296,0
22434,12,-112,16620,0
22454,-52,-144,16376,0
22476,-12,-56,16588,0
22499,-32,-40,16424,0
22521,-96,-80,16536,0
22545,-28,-112,16272,0
22567,-8,0,16428,0
22590,-16,-44,16396,0
22610,-60,-72,16352,0
22639,116,-156,16472,0
22655,-168,-144,16616,0
22679,-124,-28,16596,0
22701,-136,-104,16452,0
22725,-44,4,16448,0
22745,-8,-84,16416,0
22769,60,-88,16480,0
22796,-128,-144,16484,0
22815,60,-16,16484,0
22836,-80,-124,16412,0
22859,-80,-24,16336,0
22880,-72,-116,16664,0
22901,28,-48,16396,0
22955,-116,0,16472,0
22955,-60,-40,16452,0
22991,-72,-140,16372,0
23015,92,-104,16468,0
23046,-68,-72,16372,0
23064,-208,16316,0,0
23085,-24,-92,16336,0
23107,-28,-120,16548,0
23125,0,-80,16332,0
23146,-124,-136,16524,0
23172,16,-24,16464,0
23191,6584,0,0,0
23252,-32,-120,16360,0
23253,-40,-52,16452,0
23352,-128,-76,16452,0
23369,-56,-8,16368,0
23441,-108,-72,16504,0
23442,72,-68,16380,0
23473,-20,-144,16440,0
23488,48,-16,16300,0
23509,-48,-92,16508,0
23533,-40,-160,16544,0
23623,-148,-56,16696,0
23640,16,-56,16400,0
23702,-72,-72,16620,0
23703,-68,-84,16476,0
23763,-60,-96,16552,0
23764,-72,-184,16568,0
23797,0,-156,16360,0
23822,-44,-64,16592,0
23842,-16,-84,16488,0
23865,-120,-92,16360,0
23888,-32,-8,16472,0
23909,-180,-56,16404,0
23936,-120,-12,16544,0
23953,-84,-132,16496,0
23978,-12,-112,16500,0
24001,0,-108,16472,0
24023,-12,-32,16464,0
24043,-44,-144,16428,0
24069,-184,-32,16524,0
24092,12,-176,16616,0
24113,-64,-96,16352,0
24134,-56,-64,16504,0
24157,-36,-112,16496,0
24178,0,-48,16392,0
24199,-68,-32,16484,0
24224,-116,-72,16452,0
24244,-88,-152,16548,0
24269,-8,-84,16516,0
24289,-68,-92,16412,0
24317,-24,0,16576,0
24334,2456,-468,18320,0
24359,76,-128,16772,0
24380,24,-112,16404,0
24404,-116,-68,16324,0
24426,-100,-8,16556,0
24448,-5796,7192,16984,0
24473,4780,1388,16832,0
24494,212,-400,16788,0
24514,852,3172,17508,0
24535,-1708,-932,22148,0
24562,6452,-372,11228,0
24579,2080,-2348,18000,0
24605,3368,-868,17412,0
24628,-3528,-84,20188,0
24649,2504,-3544,14528,0
24671,5056,-3648,13476,0
24695,6112,-1480,13172,0
24718,7480,2384,13880,0
24740,7960,1860,15196,0
24763,7944,400,11436,0
24784,7492,252,13476,0
24805,9712,-520,7572,0
24830,10584,-1148,10940,0
24851,8616,-1200,13292,0
24874,15852,1360,8252,0
24895,10380,1060,9912,0
24922,11760,28,11616,0
24943,11408,-40,8256,0
24969,15232,-344,7500,0
24985,12836,-1708,10628,0
25011,10400,348,12896,0
25031,13432,2228,10280,0
25055,8688,-312,13284,0
25077,13388,-1476,11152,0
25103,8820,-2404,13272,0
25125,13496,3040,8496,0
25145,10688,2420,7924,0
25166,6736,1548,13784,0
25191,7012,-2476,18824,0
25210,8220,484,13476,0
25238,4684,660,13252,0
25260,2304,1360,15372,0
25280,-3156,16,21204,0
25301,-2724,-924,19296,0
25326,2204,12,15968,0
25346,296,2568,13068,0
25373,-4528,-2884,17540,0
25392,-3348,-3720,18608,0
25415,-2276,-456,16944,0
25437,-2064,3136,11564,0
25460,-19964,-8332,32767,0
25481,-5896,-3636,18756,0
25506,-2952,160,14844,0
25528,-5900,24,15032,0
25551,-7020,1256,13464,0
25572,-5952,-2336,14132,0
25596,-6224,-1324,11412,0
25616,-12636,-2044,16868,0
25641,-15516,-1664,24408,0
25662,-2604,-508,3780,0
25688,-12596,-3544,20224,0
25707,-14272,-1144,17444,0
25731,-10028,-228,13544,0
25752,-8936,28,12940,0
25780,-9428,-876,13700,0
25795,-6468,-948,15048,0
25826,-8488,-2272,12096,0
25844,-4212,-508,14200,0
25865,-4124,3368,22552,0
25888,-6424,-1220,27124,0
25912,-1408,-6316,21476,0
25933,-988,-1376,12064,0
25956,1132,2136,10016,0
25978,496,1356,13860,0
26000,-884,1228,15280,0
26022,-1360,692,16428,0
26050,-2076,1504,16372,0
26066,372,1076,14648,0
26119,640,1540,15924,0
26120,-536,772,16356,0
26173,-728,172,17384,0
26211,772,-420,15760,0
26225,416,-400,22700,0
26247,-2132,-1172,15960,0
26272,-720,-600,16804,0
26294,464,-868,16564,0
26316,548,-584,16576,0
26338,-224,-448,16592,0
26364,20,-660,16000,0
26382,684,-136,16552,0
26407,-8,-624,16556,0
26428,168,-836,16836,0
26451,64,-688,16376,0
26472,-156,-564,16504,0
26498,316,-340,16120,0
26519,264,-296,16488,0
26542,272,-112,16540,0
26563,360,-440,16504,0
26587,540,-428,16220,0
26608,500,-340,16412,0
26632,460,-308,16540,0
26653,500,-200,16428,0
26677,448,-288,16360,0
26701,352,-224,16556,0
26722,480,-280,16380,0
26743,844,-248,16452,0
26767,456,-184,16400,0
26788,388,-392,16568,0
26815,424,-236,15012,0
26836,852,444,20432,0
26858,-472,-980,16604,0
26878,804,152,16188,0
26902,1416,1316,16364,0
26924,460,-396,16356,0
26952,612,-364,16152,0
26970,564,-688,16340,0
26991,-240,-500,16404,0
27014,216,-352,16544,0
27033,32,-292,16600,0
27058,0,-552,16692,0
27079,312,-472,16152,0
27109,516,-328,18080,0
27126,1088,-1020,23432,0
27148,-896,-2112,22600,0
27171,324,1524,16464,0
27194,204,2088,14424,0
27214,484,3308,16360,0
27238,1576,660,15960,0
27265,2772,2412,17876,0
27283,1260,5040,19992,0
27304,640,5996,15908,0
27328,2024,5712,10540,0
27349,2236,7544,9492,0
27373,2416,7876,11120,0
27394,1480,9000,12380,0
27416,1296,11456,11844,0
27439,1552,12952,8200,0
27464,1932,13488,6704,0
27484,1308,12436,5624,0
27508,2760,12740,6448,0
27530,1088,13040,6140,0
27553,2292,13988,4868,0
27579,2516,15132,3808,0
27599,3424,16564,4632,0
27619,1544,15844,5000,0
27644,1956,15028,1356,0
27664,-52,14596,-2232,0
27688,476,13860,-1784,0
27712,-268,15028,3596,0
27734,1880,13528,8928,0
27754,556,11664,7196,0
27778,3580,10572,8304,0
27799,836,10864,11784,0
27827,2360,6588,15920,0
27844,2444,2316,21460,0
27871,-360,2104,20992,0
27892,2388,392,15008,0
27914,-616,252,14824,0
27935,1260,-3808,19804,0
27961,-16,-8820,20128,0
27983,448,-8316,11148,0
28004,2756,-10692,14716,0
28029,-1600,-12508,12164,0
28049,884,-14216,8384,0
28070,3408,-12512,7608,0
28095,2140,-12128,10168,0
28116,8,-13516,12928,0
28139,852,-14152,11060,0
28160,1992,-11900,16476,0
28187,160,-14056,16728,0
28205,-392,-14360,13732,0
28232,2016,-16120,13900,0
28249,1876,-11540,13920,0
28274,1240,-10236,15416,0
28295,-64,-8036,11692,0
28343,432,-5880,12500,0
28401,1008,5020,20844,0
28401,1212,3768,18372,0
28431,2660,2500,10276,0
28455,-1272,4252,5456,0
28476,656,11624,13308,0
28500,1600,12400,10432,0
28520,3700,14336,7820,0
28548,2060,11456,7444,0
28565,-360,14192,6744,0
28589,1248,16352,6404,0
28611,1260,13900,3812,0
28640,592,13256,1972,0
28655,924,10092,3712,0
28680,864,10140,10088,0
28701,4216,9064,13288,0
28725,5932,10188,11536,0
28746,10700,8456,13144,0
28770,10552,9344,16636,0
28791,11320,7096,12260,0
28815,13920,3536,8860,0
28836,11412,3620,12624,0
28866,12036,3736,15332,0
28881,18660,0,9768,0
28905,14548,1732,6012,0
28927,14636,2564,5684,0
28951,13888,2692,5316,0
28973,13924,2312,6892,0
28997,16520,400,5616,0
29018,16136,568,1964,0
29039,16248,2600,5092,0
29061,14720,2268,6176,0
29086,15096,-60,4440,0
29107,16160,-412,7796,0
29130,15548,384,5488,0
29154,19148,-596,5532,0
29175,14492,1228,6056,0
29196,14776,432,8176,0
29220,12736,-380,9964,0
29241,10120,-504,13864,0
29266,9340,-104,6124,0
29286,18200,-3236,8984,0
29312,10720,416,12644,0
29334,12396,-1388,16080,0
29355,7780,1948,13596,0
29376,12020,-920,10640,0
29401,11024,-1596,11552,0
29422,6936,36,16732,0
29445,4992,364,16960,0
29470,6648,548,14428,0
29492,6188,4,14236,0
29515,3384,1872,16388,0
29536,2776,-1260,18116,0
29557,-672,756,16964,0
29581,-2956,1896,16476,0
29603,4072,-2988,14956,0
29626,-2780,840,16716,0
29650,-3280,-480,15300,0
29671,-1412,1068,15824,0
29692,-3868,-816,16056,0
29717,-3936,-1248,16260,0
29738,-5052,-1472,16888,0
29767,-3980,-2296,15932,0
29785,-4588,-1524,16600,0
29806,-4628,-1708,15244,0
29828,-3112,-1168,15684,0
29851,-4816,-1608,15656,0
29873,-4820,-3072,15052,0
29896,-3044,-2268,16924,0
29919,-3768,-784,18844,0
29942,-4788,-1936,17612,0
29963,-3624,-1412,15692,0
29986,-1480,-2080,14316,0
30007,-3220,-1212,17368,0
30031,-3324,-1444,17236,0
30053,-3484,-2188,17428,0
30079,-2716,-1640,15172,0
30097,-2704,-1780,16312,0
30122,4,-68,15892,0
30143,-2136,-584,14712,0
30167,-3292,-1112,14824,0
30189,-2268,-1144,13644,0
30215,-2260,-1316,13928,0
30237,-3960,-1848,13488,0
30257,-5016,-4240,10288,0
30281,-3772,-5968,17024,0
30304,-1164,-4888,18936,0
30327,-1700,-7608,15636,0
30348,-1508,-8112,15316,0
30374,-5736,-9396,17404,0
30392,-3508,-8472,10116,0
30422,-2420,-11848,13276,0
30501,-2844,-11556,11832,0
30502,-1236,-12656,12368,0
30555,-1744,-10752,10800,0
30556,292,-11368,11576,0
30583,-1628,-11620,12540,0
30620,412,-13228,11800,0
30642,80,-11704,11364,0
30662,-268,-10800,13744,0
30687,1228,-9844,13624,0
30712,1592,-10752,12228,0
30736,4168,-10852,12616,0
30752,2640,-8164,13692,0
30777,5252,-2916,13280,0
30798,5580,-4040,9424,0
30823,7988,-3104,8584,0
30844,7368,-1636,9944,0
30873,7488,-2684,15592,0
30888,9736,964,14936,0
30912,9292,804,8172,0
30935,14588,-852,9596,0
30957,13032,-316,7940,0
30983,12248,-360,7476,0
31002,13684,936,7304,0
31026,12476,504,6268,0
31047,15552,776,5252,0
31070,16592,476,6912,0
31092,15580,552,8212,0
31114,15048,784,7704,0
31137,15960,220,6296,0
31158,16680,1376,7072,0
31184,17176,1248,9240,0
31207,15620,1824,12164,0
31228,14164,2144,9404,0
31249,15628,1576,5304,0
31273,15940,500,6300,0
31293,13020,2816,11512,0
31320,9232,5652,15064,0
31342,9340,2000,10872,0
31364,12128,928,10704,0
31383,11648,2124,9696,0
31408,7988,4876,14044,0
31430,8880,5208,18664,0
31453,9412,4504,15456,0
31476,9092,4620,12196,0
31497,10400,3064,14704,0
31522,9636,2136,16788,0
31546,6132,4248,15148,0
31564,6132,5664,13152,0
31588,6704,4852,16604,0
31608,5584,4396,18084,0
31635,1740,2412,15564,0
31657,1644,3980,13516,0
31679,2980,4920,13940,0
31702,1952,3532,16060,0
31723,-1796,3896,16004,0
31746,-3416,6640,13280,0
31770,-696,6060,15188,0
31789,96,2896,17828,0
31814,-2088,3036,14004,0
31836,-2564,5052,10728,0
31860,-1272,2980,17964,0
31879,-2192,1916,21168,0
31903,-2360,3164,18128,0
31928,88,2704,14932,0
31949,2060,792,14228,0
31970,1016,716,16912,0
31993,260,648,17944,0
32016,-160,560,14384,0
32039,1740,-1484,16104,0
32061,4264,-5204,16244,0
32086,2128,-6624,16108,0
32110,2872,-8212,15628,0
32128,4836,-8612,12264,0
32149,2888,-9352,11424,0
32173,1672,-10356,12384,0
32194,1156,-10724,11444,0
32219,1020,-11448,10116,0
32245,2404,-11232,11172,0
32264,2352,-12608,10200,0
32287,1484,-14196,8000,0
32309,1360,-12224,74761560,-160
32329,1436,-12940,0,0
32358,2068,-13660,8832,0
32373,1364,8308,6792,0
32400,92,-14460,7152,0
32423,2568,-13248,9432,0
32444,1748,-13808,11972,0
32465,1752,-16140,12664,0
32489,500,-16728,10544,0
32510,2368,-12616,12596,0
32536,2956,-12020,8684,0
32558,956,-8212,15100,0
32581,-1836,-6092,14600,0
32600,5880,-1784,15400,0
32625,6712,-2068,15996,0
32649,6156,-472,15808,0
32671,5604,-4028,12860,0
32696,7784,-4564,14432,0
32718,7096,-2244,12832,0
32741,7296,-1136,11216,0
32788,8344,832,13260,0
32789,10340,100,10924,0
32810,11768,-88,10124,0
32832,12992,-712,10460,0
32849,10980,488,9540,0
32877,11896,2728,7304,0
32898,12708,2452,7656,0
32921,13896,2248,7920,0
32939,12624,1264,8632,0
32965,12568,464,7616,0
32986,13376,1800,8596,0
33011,14680,2500,7864,0
33033,15324,2932,9544,0
33055,15136,1684,9252,0
33077,15156,448,10988,0
33099,14132,648,7764,0
33121,13836,2264,8296,0
33145,13256,-920,10488,0
33166,14960,1484,13400,0
33189,10792,492,13648,0
33211,9520,492,11460,0
33235,10712,-96,13124,0
33255,10116,-3752,13656,0
33280,9692,-2448,13764,0
33302,4624,-2760,12768,0
33330,5384,-852,16624,0
33347,5808,-144,18720,0
33370,988,-4776,17176,0
33391,-1284,-5836,17344,0
33420,-5840,-6128,17180,0
33436,-7672,-1684,14256,0
33462,-3188,-4756,16532,0
33485,-6808,-5092,20268,0
33505,-5804,-5376,14840,0
33527,-7464,-5244,12936,0
33550,-7700,-3720,13284,0
33570,-5696,-4372,13528,0
33595,-6612,-4384,13348,0
33619,-8204,-3984,13576,0
33642,-6136,-3520,13732,0
33661,-6760,-3952,13240,0
33685,-7932,-4956,14396,0
33707,-8260,-3212,13936,0
33733,-7988,-3084,14532,0
33750,-7396,-2384,14920,0
33777,-6752,-2688,14224,0
33799,-8248,-3232,14600,0
33820,-7488,-2072,15844,0
33844,-7024,-756,15908,0
33866,-5608,-844,14932,0
33890,-6040,-2000,15160,0
33910,-5720,-1100,15828,0
33935,-3828,420,15888,0
33957,-4552,444,16736,0
33975,-4664,-188,15032,0
34000,-4396,-588,17004,0
34023,-3948,300,17016,0
34046,-3388,-168,17044,0
34068,-3448,-12,16172,0
34090,-4124,-348,15524,0
34113,-2928,112,15916,0
34136,-4040,-444,16044,0
34158,-3816,108,16344,0
34181,-3520,-148,15980,0
34203,-3660,272,16256,0
34228,-3856,412,16192,0
34250,-3332,-60,15500,0
34272,-3500,-592,15872,0
34297,-3740,-304,16496,0
34347,-3520,-108,15964,0
34348,-3680,-424,16156,0
34380,-2776,60,15900,0
34408,-3984,-344,15768,0
34430,-4040,-60,15848,0
34452,-3956,-44,16000,0
34472,-3820,-208,15972,0
34496,-3600,344,15908,0
34518,-2792,-936,15976,0
34549,-3808,-356,16032,0
34565,-3588,-616,15772,0
34588,-3256,-40,15560,0
34610,-3840,-524,15524,0
34633,-3564,-296,16500,0
34657,-3508,108,16784,0
34682,-3368,-4,15876,0
34697,-3808,156,15400,0
34722,-4264,-8,15460,0
34745,-3880,-152,15856,0
34768,-3896,4,16276,0
34786,-3656,76,15944,0
34811,-4036,-64,16104,0
34832,-4252,-484,15844,0
34886,-3908,364,15364,0
34886,-4560,300,14456,0
34926,-3980,480,15276,0
34947,-4264,604,17524,0
34969,-4316,156,16680,0
34992,-2868,588,15736,0
35018,-4544,-1076,15584,0
35036,-4268,296,15124,0
35057,-3552,-32,15352,0
35082,-3264,788,15912,0
35103,-3808,1380,15928,0
35126,-3384,516,15764,0
35150,-3092,1320,16224,0
35175,-3292,1044,17164,0
35191,-3476,504,16364,0
35216,-3312,416,16512,0
35238,-3916,656,16236,0
35257,-3192,716,15964,0
35282,-3376,232,16108,0
35306,-3556,-216,15924,0
35334,-3164,144,15568,0
35351,-3492,380,15536,0
35374,-3260,720,15844,0
35397,-3332,576,16632,0
35424,-3104,1040,15960,0
35441,-3060,828,15736,0
35464,-3748,552,16168,0
35489,-3192,544,16584,0
35508,-2936,576,16304,0
35532,-3192,928,16284,0
35554,-3844,668,16128,0
35577,-3520,576,16392,0
35597,-3532,416,16180,0
35625,-3924,788,15708,0
35642,-3924,336,15324,0
35673,-3488,568,14892,0
35688,-3620,756,14204,0
35713,-3936,492,15540,0
35735,-3692,-76,16624,0
35756,-3580,352,14012,0
35782,-2800,932,16504,0
35805,-2872,820,16868,0
35823,-2696,2212,15200,0
35846,-3700,1476,14808,0
35869,-2600,1088,15516,0
35893,-2000,1156,15512,0
35916,-2204,740,16140,0
35940,-2448,752,16424,0
35962,-2500,932,15268,0
35977,-2152,516,14896,0
36003,-2128,208,16884,0
36027,-1872,952,18592,0
36049,-1564,20,18312,0
36071,-1864,-496,15544,0
36093,-1584,-936,14724,0
36115,-1572,-92,19756,0
36141,-880,84,14728,0
36159,-992,-736,17232,0
36185,-2080,-232,16284,0
36208,-1072,-680,16336,0
36259,-1136,-648,16412,0
36260,-968,-460,16248,0
36299,-1212,-556,16412,0
36321,-1116,-636,16296,0
36344,-1256,-452,16416,0
36366,-1072,-572,16304,0
36391,-1080,-464,16212,0
36411,-1052,-636,16332,0
36433,-1016,-568,16204,0
36456,-1028,-1168,16348,0
36475,-1140,-352,16456,0
36498,-1320,-488,16300,0
36522,-1272,-616,16356,0
36546,-1400,-540,16360,0
36569,-1176,-728,16412,0
36592,-1572,-604,16368,0
36615,-1364,-736,16280,0
36634,-1556,-760,16244,0
36657,-1772,-548,16340,0
36681,-1512,-632,16212,0
36704,-1620,-736,16312,0
36724,-1704,-572,16492,0
36747,-1680,-716,16284,0
36771,-1744,-692,16304,0
36790,-1676,-812,16172,0
36814,-1660,-608,16192,0
36836,-1664,-696,16420,0
36862,-1568,-664,16416,0
36884,-1568,-640,16236,0
36908,-1644,-616,16452,0
36931,-1604,-564,16260,0
36955,-1592,-616,16420,0
36971,-1648,-544,16464,0
36996,-1376,-580,16288,0
37018,-1444,-492,16544,0
37040,-1332,-584,16560,0
37062,-1304,-580,16384,0
37085,-1336,-544,16364,0
37110,-1292,-652,16456,0
37130,-1268,-624,16404,0
37154,-1200,-564,16444,0
37176,-1272,-708,16312,0
37196,-1232,-528,16516,0
37219,-1224,-492,16352,0
37241,-1212,-560,16332,0
37264,-1096,-652,16488,0
37285,-1220,-552,16292,0
37312,-1188,-556,16592,0
37334,-1340,-572,16236,0
37359,-1248,-636,16232,0
37376,-1352,-552,16408,0
37400,-1408,-552,16360,0
37421,-1396,-616,16304,0
37445,-1312,-596,16412,0
37470,-1332,-676,16244,0
37492,-1224,-512,16260,0
37511,-1380,-652,16412,0
37535,-1244,-640,16264,0
37557,-1360,-592,16364,0
37581,-1232,-440,16496,0
37602,-1400,-492,16264,0
37625,-1356,-580,16412,0
37648,-1344,-668,16408,0
37673,-1200,-644,16328,0
37691,-1304,-524,16372,0
37715,-1184,-668,16416,0
37737,-1420,-576,16380,0
37762,-1292,-616,16460,0
37785,-1420,-564,16424,0
37808,-1348,-624,16368,0
37831,-1288,-480,16308,0
37850,-1340,-604,16424,0
37872,-1260,-584,16108,0
37897,-1256,-548,16460,0
37922,-1352,-604,16352,0
37940,-1384,-600,16308,0
37962,-1156,-504,16352,0
37992,-1396,-540,16464,0
38009,-1420,-480,16416,0
38031,-1272,-680,16512,0
38052,-1456,-616,16404,0
38075,-1428,-664,16468,0
38098,-1412,-584,16172,0
38120,-1332,-588,16508,0
38142,-1352,-624,16456,0
38165,-1336,-536,16292,0
38187,-1308,-592,16420,0
38213,-1444,-624,16324,0
38232,-1360,-648,16412,0
38256,-1408,-492,16492,0
38279,-1268,-612,16188,0
38302,-1344,-520,16396,0
38322,-1520,-700,16564,0
38346,-1700,-628,16536,0
38371,-1572,-616,16456,0
38393,-1672,-780,16372,0
38411,-1692,-724,16308,0
38435,-1768,-696,15992,0
38457,-1796,-760,16476,0
38484,-1780,-600,16276,0
38503,-1920,-556,16120,0
38527,-1976,-688,16404,0
38546,-1884,-764,16312,0
38571,-1852,-680,16412,0
38593,-1628,-676,16196,0
38617,-1720,-864,16412,0
38639,-1720,-748,16120,0
38663,-2068,-480,16912,0
38684,-2084,-24,16872,0
38710,-1680,-840,17348,0
38726,-2336,-1068,17456,0
38752,-2004,-1164,15736,0
38773,-300,-1592,16536,0
38797,2208,-2612,18888,0
38821,7312,2496,19816,0
38843,2084,-36,18120,0
38865,4008,-2156,16080,0
38890,4852,-1240,13536,0
38907,5488,400,11864,0
38931,7696,-652,12904,0
38955,8824,1624,13420,0
38977,7700,2068,12564,0
38998,8872,2860,13788,0
39021,9144,3296,9904,0
39046,9620,5980,7416,0
39067,7328,3468,5748,0
39089,13048,4488,5108,0
39114,8988,6136,7944,0
39133,6996,9248,9156,0
39157,7544,7636,12996,0
39178,4184,5756,10832,0
39203,6068,3416,11868,0
39224,6784,2884,16052,0
39247,4180,1236,20352,0
39271,5360,-4172,19772,0
39292,8764,-7112,32767,0
39313,6040,-8652,18592,0
39337,4860,-17560,10772,0
39358,10972,-7872,8328,0
39382,4540,-10656,10664,0
39404,2296,-12876,14616,0
39429,3180,-12396,10128,0
39451,5216,-12440,9304,0
39472,892,-12020,9736,0
39493,2456,-12404,9344,0
39518,2884,-13564,7436,0
39538,2940,-13876,13384,0
39564,2472,-13244,15220,0
39586,1552,-13396,14120,0
39609,4148,-13304,14668,0
39628,3732,-14348,16588,0
39653,4824,-8304,12664,0
39674,4660,-6112,7476,0
39701,4660,-4428,9064,0
39720,3420,-1852,15084,0
39742,4452,4132,18684,0
39764,3460,8504,14636,0
39788,6004,7180,16036,0
39810,6028,6724,11732,0
39833,5156,1324,11576,0
39858,6976,10584,10744,0
39880,4688,11944,9988,0
39902,8204,12120,9984,0
39923,4832,10644,9800,0
39947,4004,9060,9844,0
39969,4884,9632,9756,0
39992,5100,11464,8492,0
40015,5584,11880,7684,0
40038,5172,12052,7496,0
40059,4864,11816,9984,0
40083,4624,11632,9540,0
40103,5744,11200,7860,0
40127,4472,8720,9928,0
40149,4092,8164,17356,0
40175,3096,6992,20736,0
40193,7416,4612,17928,0
40218,10020,2832,12212,0
40239,6664,1512,15776,0
40265,6628,1720,12200,0
40283,7568,3248,8128,0
40308,8148,-3464,11308,0
40332,10152,-972,10144,0
40353,9956,-1488,0,0
40374,10772,-976,3764,0
40398,13816,0,4792,0
40419,92,580,4648,0
40443,13684,140,6528,0
40464,14684,248,2520,0
40490,16160,84,3196,0
40511,15892,340,6464,0
40534,17620,260,8608,0
40556,16036,-1480,7412,0
40580,15592,-1716,6368,0
40598,13844,20,7064,0
40623,14112,-992,17492,0
40647,14004,1328,17612,0
40668,10192,-1644,17968,0
40690,7252,-2780,15364,0
40714,5928,-3992,14952,0
40735,8244,-2756,15568,0
40764,1040,-1568,16320,0
40846,-272,1464,15140,0
40854,-2352,-5572,13564,0
40892,5824,-3176,16756,0
40907,-2848,-3368,16944,0
40922,-2368,-1200,16184,0
40967,-7224,-3100,14152,0
40968,-544,-3604,15156,0
40985,-3252,-4348,17104,0
41008,-5044,-3252,15536,0
41030,-7120,-4184,15968,0
41050,-3948,-3144,15684,0
41073,-4068,-4092,16444,0
41094,-5196,-4104,17592,0
41119,-5172,-3552,17672,0
41139,-3688,-3680,18352,0
41163,-1540,-3188,16716,0
41187,-1568,-3604,15604,0
41208,-728,-2476,15448,0
41284,756,-1676,15472,0
41285,4736,-1216,15240,0
41321,5832,60,14300,0
41374,4812,312,13256,0
41374,5600,1256,10528,0
41409,9124,1244,11384,0
41434,11332,2100,10708,0
41454,10004,1504,9624,0
41484,9580,972,10688,0
41499,10428,2988,9080,0
41524,12756,1340,8208,0
41545,13832,2484,9596,0
41569,11620,2212,9952,0
41592,11156,1384,10052,0
41614,12288,3308,10568,0
41635,11784,1808,11104,0
41659,13832,1768,11724,0
41680,12492,1832,11524,0
41705,12480,2136,12464,0
41725,11244,1924,12760,0
41752,11820,480,11708,0
41772,11940,-512,13308,0
41794,8952,328,12884,0
41815,8460,1200,14336,0
41839,8612,-932,13668,0
41861,11360,-184,15268,0
41885,7352,-1068,14964,0
41907,6696,-364,15660,0
41929,5324,-1676,15784,0
41950,8740,-996,16852,0
41975,6192,-1132,15792,0
41995,5064,-1192,14560,0
42020,4180,-3124,16528,0
42041,4704,-3452,16972,0
42067,1552,-4224,16104,0
42088,1392,-3996,15036,0
42110,-956,-5156,15252,0
42130,-932,-5520,16372,0
42155,-864,-5660,16596,0
42176,-3552,-5668,14092,0
42205,-3668,-6508,12788,0
42221,-3300,-5796,13064,0
42245,-5260,-5848,12860,0
42270,-4356,-5860,32767,0
42295,-5864,-5304,16192,0
42314,-7680,-30524,12528,0
42335,-32608,-6656,10664,0
42359,-9504,-5296,16184,0
42380,-7044,-5152,13604,0
42403,-7128,-6152,12716,0
42426,-9808,-5200,12408,0
42446,-9028,-4984,13428,0
42470,-9000,-3752,14440,0
42491,-8604,-3800,13820,0
42518,-9284,-4716,12684,0
42535,-9716,-4748,13432,0
42561,-8200,-3028,13968,0
42586,-6192,-2776,13212,0
42608,-6676,-3656,13296,0
42630,-5768,-3988,17756,0
42651,-5456,-4856,21020,0
42677,-3080,-3712,19344,0
42695,-2976,-2368,15604,0
42721,-5616,-4092,15308,0
42742,-3172,-5120,17108,0
42771,-1524,-3596,18360,0
42786,712,-1248,16960,0
42811,1524,-940,15648,0
42834,1092,348,14496,0
42858,628,736,15400,0
42876,1764,3224,12872,0
42900,2212,4684,15240,0
42922,2188,6636,12692,0
42946,2256,6252,13196,0
42970,4588,9348,11952,0
42990,5368,9784,11776,0
43011,5356,9280,11096,0
43036,5196,9328,9120,0
43056,4444,9848,10008,0
43081,4440,10912,8868,0
43101,3700,10928,9312,0
43126,4660,11468,11700,0
43148,4424,10568,11388,0
43171,5108,10128,10836,0
43193,4312,9572,9896,0
43216,4608,9984,11184,0
43236,3600,8112,15956,0
43265,5592,8236,16568,0
43284,3676,6588,13828,0
43306,3412,6500,15068,0
43332,2356,3096,14900,0
43351,6392,1928,14876,0
43371,3040,1036,17380,0
43397,2196,-92,18708,0
43417,1960,-2024,20160,0
43443,3164,-2184,18684,0
43466,2712,-3484,15668,0
43490,2744,-4084,14348,0
43507,1272,-4812,14860,0
43531,1300,-4996,15864,0
43552,1880,-4896,17188,0
43578,2040,-4784,16760,0
43600,1340,-4544,16956,0
43623,1728,-4864,16908,0
43642,1884,-5284,16428,0
43666,1260,-4800,17392,0
43687,860,-3612,16432,0
43711,964,-2904,16256,0
43733,1308,-2216,15876,0
43757,1588,-832,13244,0
43779,1936,-336,12856,0
43802,580,560,14864,0
43823,836,1204,16884,0
43847,1256,1528,16912,0
43867,1372,2076,15272,0
43894,488,1252,16308,0
43915,688,2024,17460,0
43937,1120,928,18736,0
43957,1460,840,18848,0
43982,804,1432,16356,0
44005,1068,476,16196,0
44030,1524,120,14952,0
44047,1524,708,16040,0
44071,692,1120,16788,0
44093,1012,1216,17176,0
44117,1308,1040,16768,0
44137,1004,1144,16112,0
44162,372,524,0,0
44188,448,572,16056,0
44207,732,15872,15928,0
44231,-160,-88,19700,0
44252,588,12,15772,0
44274,1100,-452,16828,0
44297,876,-548,16340,0
44321,800,-380,16584,0
44344,304,-340,16420,0
44363,536,-292,16480,0
44387,444,-280,16496,0
44408,364,-288,16452,0
44435,492,-332,16376,0
44452,520,-324,16460,0
44478,256,-128,16356,0
44501,584,-168,16312,0
44522,440,-304,16532,0
44544,376,-316,16516,0
44568,452,-316,16424,0
44593,396,-164,16600,0
44612,432,-152,16460,0
44634,344,-152,16488,0
44660,496,-284,16416,0
44678,356,-240,16404,0
44703,312,-264,16344,0
44724,292,-208,16604,0
44753,384,-240,16376,0
44839,252,-100,16328,0
44839,208,-260,16340,0
44861,404,-344,16532,0
44883,424,-224,16304,0
44904,272,-228,16564,0
44928,336,-88,16548,0
44948,376,-260,16360,0
44978,324,-360,16372,0
45057,392,-144,16516,0
45064,340,-184,16504,0
45086,324,-304,16476,0
45109,352,-316,16476,0
45129,388,-152,16428,0
45149,348,-204,16424,0
45173,444,-340,16444,0
45195,508,-192,16588,0
45219,532,-224,16504,0
45243,444,-324,16476,0
45264,492,-164,16372,0
45285,516,-216,16536,0
45311,496,-224,16556,0
45329,480,-172,16420,0
45354,384,-176,16540,0
45375,412,-216,16332,0
45401,584,-200,16528,0
45421,400,-284,16376,0
45445,516,-200,16352,0
45467,476,-264,16576,0
45489,636,-236,16584,0
45511,588,-72,16456,0
45536,188,-208,16228,0
45555,524,-152,16576,0
45579,568,-312,16328,0
45600,600,-272,16544,0
45629,516,-208,16520,0
45710,700,-160,16328,0
45711,612,-84,16412,0
45735,472,-268,16436,0
45758,704,-356,16384,0
45780,700,-212,16356,0
45800,680,-264,16364,0
45825,600,-236,16404,0
45846,732,-204,16548,0
45870,844,-264,16344,0
45891,672,-288,16460,0
45918,748,-272,16504,0
45939,680,-428,16568,0
45960,776,-280,16360,0
45981,724,-208,16500,0
46005,904,-256,16532,0
46030,748,-300,16524,0
46050,776,-244,16464,0
46074,888,-308,16476,0
46096,796,-180,16220,0
46116,904,-232,16508,0
46140,916,-292,16584,0
46161,856,-236,16656,0
46186,964,-244,16508,0
46208,860,-168,16424,0
46231,880,-156,16468,0
46251,792,-80,16424,0
46278,876,-124,16412,0
46295,904,-232,16520,0
46321,860,-216,16636,0
46342,828,-300,16344,0
46364,772,-184,16424,0
46386,712,-184,16492,0
46407,764,-72,16412,0
46435,620,-84,16404,0
46451,688,-192,16472,0
46480,684,32,16568,0
46498,772,-176,16364,0
46524,948,-136,16428,0
46545,824,-116,16264,0
46567,780,-140,16424,0
46590,696,-240,16468,0
46611,1064,-172,16392,0
46632,884,-84,16672,0
46656,836,-156,16576,0
46679,928,-136,16464,0
46701,960,-112,16372,0
46721,912,-232,16388,0
46747,1020,-168,16416,0
46767,1084,-216,16468,0
46792,952,-80,16336,0
46814,812,-144,16368,0
46836,1032,-88,16148,0
46857,956,-48,16524,0
46881,864,-148,16452,0
46903,1084,-120,16352,0
46926,912,-120,16200,0
46947,892,-84,16372,0
46969,884,-108,16420,0
46992,696,-76,16404,0
47012,868,-104,16568,0
47037,904,-128,16456,0
47059,896,-80,16424,0
47082,900,40,16284,0
47103,940,-68,16456,0
47128,908,-96,16584,0
47147,848,-92,16488,0
47172,868,-76,16280,0
47193,952,-64,16568,0
47223,884,-56,16432,0
47238,756,-132,16568,0
47262,776,-180,16552,0
47285,820,-96,16380,0
47310,796,52,16300,0
47328,636,36,16504,0
47353,748,64,16376,0
47373,820,36,16436,0
47398,768,-48,16464,0
47418,892,-28,16456,0
47445,812,-4,16488,0
47466,756,0,16408,0
47488,684,92,16456,0
47507,852,-152,16472,0
47533,864,8,16464,0
47553,684,48,16464,0
47578,688,44,16544,0
47601,784,112,16508,0
47622,672,-92,16264,0
47643,644,-136,16464,0
47664,652,-104,16340,0
47689,812,-8,16540,0
47708,404,-40,16704,0
47735,812,-132,16468,0
47755,700,-108,16476,0
47778,392,0,16300,0
47799,624,36,16608,0
47824,212,-208,16220,0
47844,636,-108,16376,0
47869,252,-304,16628,0
47891,488,-264,16372,0
47915,368,32,16704,0
47934,388,52,16552,0
47954,560,-64,16576,0
47979,488,-64,16500,0
48002,128,-100,16232,0
48028,28,-132,16656,0
48048,112,-32,16500,0
48069,192,48,16568,0
48090,-216,-88,16432,0
48114,-72,-104,16328,0
48134,-84,-48,16372,0
48160,-336,52,16532,0
48185,-264,84,16432,0
48207,-272,-104,16416,0
48226,-324,-56,16528,0
48249,-256,-8,16552,0
48270,-544,72,16344,0
48294,-284,52,16480,0
48315,-204,112,16496,0
48337,-168,0,16428,0
48368,-276,-52,16428,0
48388,-200,-72,16420,0
48408,-272,56,16520,0
48425,-308,52,16584,0
48450,-124,4,16444,0
48471,-176,8,16284,0
48498,-228,-16,16552,0
48517,-112,36,16540,0
48540,-196,100,16372,0
48562,-236,4,16412,0
48585,-168,40,16448,0
48606,-192,188,16516,0
48631,-316,-24,16688,0
48655,-284,-36,16640,0
48676,-340,12,16412,0
48696,-364,-88,16472,0
48720,-204,4,16420,0
48741,-172,52,16512,0
48766,-384,-12,16244,0
48786,-120,-4,16420,0
48814,-168,-88,16488,0
48830,-192,72,16348,0
48856,-220,-44,16496,0
48880,-156,12,16456,0
48897,-500,-100,16568,0
48921,-368,-28,16364,0
48944,-464,76,16316,0
48967,-300,76,16368,0
48987,-252,48,16416,0
49012,-320,12,16292,0
49032,-376,-40,16264,0
49056,-296,44,16464,0
49078,-560,44,16292,0
49106,-336,-16,16272,0
49184,-256,48,16404,0
49185,-464,24,16476,0
49265,-424,-88,16432,0
49266,-372,-28,16516,0
49330,-436,-4,16576,0
49357,-228,-40,16432,0
49393,-292,-32,16456,0
49413,-452,0,16384,0
49437,-404,-8,16464,0
49457,-492,84,16404,0
49483,-604,28,16508,0
49505,-400,-56,16504,0
49527,-476,-80,16268,0
49548,-556,-68,16416,0
49569,-616,92,16264,0
49593,-464,44,16336,0
49617,-576,68,16544,0
49638,-496,-32,16340,0
49661,-580,-60,16432,0
49685,-540,28,16356,0
49761,-612,48,16508,0
49761,-472,-52,16528,0
49793,-532,-12,16368,0
49818,-508,-56,16392,0
49843,-368,-56,16516,0
49863,-368,-36,16392,0
49884,-372,-48,16308,0
49908,-448,-88,16476,0
49930,-588,44,16504,0
49954,-408,72,16532,0
49974,-484,-44,16516,0
49997,-364,-24,16528,0
50019,-492,-28,16248,0
50039,-672,36,16472,0
50064,-728,-84,16376,0
50085,-720,-64,16392,0
50109,-652,-76,16440,0
50129,-516,100,16540,0
50157,-524,80,16260,0
50174,-280,-32,16492,0
50198,-308,-140,16488,0
50219,-336,-8,16504,0
50249,-340,-4,16384,0
50264,-392,-76,16324,0
50289,-348,-72,16456,0
50313,-360,56,16344,0
50334,-336,-12,16264,0
50355,-344,96,16304,0
50379,-320,-28,16520,0
50403,-352,-88,16548,0
50425,-528,-76,16472,0
50447,-480,20,16632,0
50467,-448,-128,16256,0
50490,-468,-40,16436,0
50513,-436,-8,16300,0
50535,-324,40,16456,0
50561,-400,72,16716,0
50580,-472,48,16344,0
50602,-496,68,16404,0
50625,-364,4,16556,0
50646,-504,-88,16440,0
50670,-392,-116,16412,0
50695,-340,68,16372,0
50717,-492,4,16336,0
50736,-408,-4,16484,0
50763,-384,-128,16484,0
50784,-460,-44,16516,0
50810,-388,20,16348,0
50826,-472,36,16476,0
50850,-428,-68,16304,0
50870,-432,-16,16488,0
50893,-460,-32,16420,0
50918,-432,-64,16484,0
50940,-376,-40,16524,0
50961,-460,116,16496,0
50982,-472,44,16588,0
51006,-472,-84,16420,0
51026,-472,-112,16432,0
51053,-452,-32,16468,0
51075,-428,20,16416,0
51097,-556,-76,16356,0
51117,-496,-8,16372,0
51141,-532,-32,16456,0
51162,-448,-56,16548,0
51187,-528,-24,16476,0
51241,-572,-120,16308,0
51242,-556,-24,16388,0
51281,-512,-60,16324,0
51296,-468,-24,16224,0
51318,-560,-68,16468,0
51346,-460,-48,16584,0
51361,-428,44,16384,0
51390,-536,32,16500,0
51411,-616,-40,16524,0
51432,-624,-92,16564,0
51453,-440,-64,16384,0
51477,-552,-32,16460,0
51497,-616,96,16364,0
51523,-560,-120,16400,0
51546,-384,-52,16672,0
51567,-436,136,16308,0
51587,-372,144,16240,0
51612,-492,-104,16288,0
51633,-692,-168,16388,0
51656,-720,-44,16264,0
51678,-1040,-64,16408,0
51702,-812,-48,16568,0
51723,-752,20,16432,0
51749,-720,44,16456,0
51768,-776,-76,16248,0
51789,-696,-112,16424,0
51814,-744,24,16344,0
51836,-656,44,16404,0
51858,-700,-92,16588,0
51878,-712,-124,16644,0
51904,-740,-88,16432,0
51923,-700,-20,16388,0
51948,-520,-104,16392,0
51974,-764,-144,16460,0
51998,-532,-8,16456,0
52013,-428,-104,16468,0
52038,-460,-60,16480,0
52069,-512,-124,16352,0
52084,-604,20,16428,0
52105,-656,-60,16592,0
52129,-636,-156,16416,0
52156,-456,-68,16384,0
52173,-512,-8,16404,0
52194,-492,-12,16404,0
52218,-484,-104,16588,0
52238,-392,-104,16516,0
52259,-508,-52,16392,0
52286,-456,-76,16280,0
52304,-536,-136,16300,0
52329,-612,-116,16344,0
52350,-596,-64,16216,0
52374,-488,-80,16244,0
52395,-436,-164,16284,0
52419,-512,40,16436,0
52442,-400,-184,16424,0
52466,-600,-64,16416,0
52484,-492,-176,16384,0
52509,-536,-124,16356,0
52530,-512,-76,16396,0
52554,-488,12,16464,0
52575,-432,-68,16516,0
52602,-488,-80,16244,0
52620,-528,-132,16448,0
52644,-468,-96,16280,0
52666,-532,-12,16588,0
52690,-612,-128,16352,0
52710,-532,-84,16392,0
52735,-432,-80,16452,0
52758,-528,-80,16488,0
52781,-604,-32,16292,0
52800,-592,-24,16368,0
52820,-560,-80,16484,0
52845,-600,-76,16392,0
52866,-664,-100,16660,0
52890,-676,-36,16496,0
52914,-552,-60,16480,0
52935,-516,-44,16536,0
52957,-620,44,16404,0
52980,-652,-72,16588,0
53001,-592,-64,16656,0
53028,-636,-88,16368,0
53047,-668,-92,16336,0
53070,-528,-88,16460,0
53091,-572,-116,16248,0
53115,-680,-28,16448,0
53137,-624,-68,16244,0
53161,-512,-136,16304,0
53180,-544,-144,16328,0
53207,-564,-64,16372,0
53228,-700,-48,16540,0
53250,-656,-8,16360,0
53271,-664,-176,16400,0
53292,-608,-68,16524,0
53316,-660,-56,16412,0
53342,-548,-72,16560,0
53363,-624,40,16508,0
53384,-536,-68,16544,0
53407,-560,-160,16372,0
53427,-476,52,16384,0
53452,-536,-12,16324,0
53472,-568,-124,16360,0
53499,-572,84,16464,0
53518,-636,36,16456,0
53541,-684,-156,16436,0
53562,-616,-56,16520,0
53587,-652,-96,16464,0
53608,-576,-140,16376,0
53631,-644,-32,16448,0
53652,-652,-80,16496,0
53676,-516,-100,16472,0
53697,-600,-56,16508,0
53718,-532,-72,16360,0
53742,-592,-28,16468,0
53763,-536,-44,16340,0
53787,-560,-32,16396,0
53813,-684,-48,16332,0
53832,-704,-128,16384,0
53854,-560,-52,16428,0
53878,-616,-180,16596,0
53898,-628,-120,16396,0
53922,-700,-136,16240,0
53943,-628,-76,16320,0
53970,-616,-120,16308,0
53987,-596,-76,16468,0
54012,-648,-168,16404,0
54034,-588,-64,16396,0
54060,-612,-8,16472,0
54077,-732,4,16332,0
54103,-676,-80,16420,0
54125,-576,-40,16476,0
54147,-624,8,16424,0
54168,-720,-48,16572,0
54192,-688,-84,16508,0
54218,-652,48,16400,0
54237,-764,-136,16524,0
54260,-752,-48,16440,0
54281,-720,4,16504,0
54303,-864,-72,16608,0
54324,-584,20,16460,0
54349,-1052,-72,16404,0
54374,-708,-92,16220,0
54393,-776,32,16136,0
54415,-888,-180,16652,0
54438,-772,-48,17224,0
54459,-1088,-52,25384,0
54483,-1120,-212,32767,0
54504,-1052,-328,19668,0
54529,-1920,-1776,28404,0
54548,-1860,-3180,22536,0
54574,-20400,2096,15912,0
54594,1572,-856,11640,0
54623,272,-940,12512,0
54639,-824,2800,12328,0
54663,816,5392,9540,0
54686,1808,5180,8904,0
54709,2768,6456,10312,0
54731,2616,5156,11500,0
54754,2760,5152,10748,0
54775,2060,6352,11912,0
54799,2320,3080,16684,0
54822,5532,3400,19540,0
54842,4904,2460,20164,0
54865,3800,-892,17960,0
54886,4344,-1108,16420,0
54910,3784,-2592,16384,0
54936,4204,-2004,15368,0
54955,3292,-5812,17072,0
54975,2356,-8072,16520,0
54999,3116,-7048,15064,0
55023,2208,-6648,16192,0
55045,1756,-5860,16020,0
55066,2176,-8476,15560,0
55092,3000,-9316,15932,0
55110,2900,-7168,12832,0
55135,1972,-4712,16068,0
55156,2100,-4660,17144,0
55182,2644,-4492,12184,0
55202,3392,-2772,11648,0
55226,3724,-368,29824,0
55245,2124,268,18164,0
55270,3292,2468,-708,0
55291,3080,1548,7312,0
55315,-20,2180,24872,0
55337,7724,13828,15700,0
55360,11048,6312,12456,0
55380,12264,3588,7776,0
55405,-1948,2444,12732,0
55426,7224,2412,15432,0
55450,6188,4460,7980,0
55474,9124,4876,11100,0
55497,9376,2736,11960,0
55515,10868,3172,9620,0
55541,11068,2192,10752,0
55562,12624,512,10508,0
55585,14336,360,10260,0
55606,12672,-40,12048,0
55632,12772,-464,11684,0
55655,14340,-1340,10828,0
55675,14144,-3120,10436,0
55696,11144,232,11616,0
55721,11496,-2052,12308,0
55741,12944,-332,10264,0
55765,10172,-1488,10388,0
55787,10380,-1840,13020,0
55811,9304,-696,14652,0
55831,9856,288,18588,0
55855,8796,372,14220,0
55876,8864,-324,14856,0
55904,9920,-2120,14860,0
55920,10364,328,15648,0
55948,7460,836,14956,0
55968,7700,896,15136,0
55991,7164,-336,17408,0
56013,7620,36,17328,0
56036,4248,-1372,16700,0
56060,4032,824,17576,0
56081,-1324,-300,16272,0
56103,-2396,-76,14904,0
56125,-1620,-144,15024,0
56146,-3324,-916,14268,0
56170,-4568,-380,2992,0
56194,-5640,-604,24664,0
56215,-5548,256,12600,0
56238,-6352,3896,14408,0
56261,572,-1484,27224,0
56281,-13260,-128,20572,0
56310,-8228,-800,16040,0
56326,-8804,-3180,9140,0
56351,-14576,-1400,14528,0
56378,-11428,-284,12628,0
56398,-11864,-732,13016,0
56419,-5668,-1408,12536,0
56441,-9992,-956,14168,0
56462,-10124,-1540,14384,0
56486,-9632,-1308,14216,0
56511,-10652,-1740,13352,0
56532,-9156,-1184,14060,0
56554,-9380,-968,16108,0
56576,-7464,-144,18176,0
56597,-6564,-1896,15660,0
56622,-6716,-3552,17096,0
56642,-5144,-1500,23040,0
56666,-5376,2808,17000,0
56687,-6340,1992,12196,0
56714,-2400,-824,13100,0
56736,-5660,-400,14052,0
56756,-1996,720,22208,0
56779,548,3264,18400,0
56802,1228,5212,11912,0
56823,3640,3420,13228,0
56849,-944,416,18908,0
56867,2432,3940,19880,0
56892,4064,6312,12428,0
56914,4432,5972,9456,0
56939,3448,6300,11312,0
56957,1932,5920,11888,0
56982,4568,6400,10772,0
57003,6160,8464,10356,0
57028,3888,9084,10032,0
57047,3440,10432,10184,0
57072,4124,10464,10572,0
57093,4228,10764,11560,0
57117,3576,10788,11000,0
57138,2884,9640,12068,0
57164,3732,9060,13676,0
57187,3608,8852,17280,0
57207,2436,8236,17132,0
57228,1736,9540,16056,0
57252,2332,8472,13948,0
57272,4480,4992,14596,0
57297,2896,2976,16544,0
57320,1136,796,18052,0
57347,2580,1940,16524,0
57362,1912,908,15332,0
57387,204,-1896,14908,0
57407,-1196,-7004,15712,0
57432,3480,-4896,16884,0
57455,788,-5344,14236,0
57477,-1044,-6408,13500,0
57498,-1964,-9196,14344,0
57522,-340,-8996,14600,0
57543,1340,-8616,14848,0
57568,-728,-10024,11792,0
57592,-1136,-10504,10876,0
57614,-288,-9916,14072,0
57635,-856,-10424,15168,0
57657,460,-9432,15672,0
57678,-128,-10080,15332,0
57703,-764,-9852,12308,0
57723,-828,-11144,12944,0
57749,-72,-11216,15980,0
57770,896,-9116,17144,0
57792,1076,-5064,17500,0
57815,180,-3904,14004,0
57842,-348,-5392,14508,0
57862,936,-2560,15568,0
57883,1004,-2384,16908,0
57904,-120,952,22848,0
57930,2744,3320,16804,0
57950,2040,5224,11952,0
57973,1432,3692,11308,0
57999,-776,3348,15168,0
58018,1960,4680,17472,0
58043,2700,6320,13168,0
58066,2248,7556,12936,0
58083,964,7120,13580,0
58109,624,7768,14956,0
58130,2640,8264,13060,0
58153,2288,8892,12296,0
58178,1292,7984,12392,0
58199,1056,7912,12772,0
58225,2984,8392,13256,0
58243,2388,6172,16900,0
58268,2084,5460,17204,0
58289,968,5772,12892,0
58313,3132,7404,15260,0
58333,2584,5640,17460,0
58359,2108,2968,17964,0
58384,2240,2644,17336,0
58406,4140,3144,15456,0
58423,1148,-616,13956,0
58447,3084,-2840,14956,0
58469,3080,-4440,16372,0
58498,1992,-4312,16056,0
58513,1020,-5440,12280,0
58541,1344,-6620,14160,0
58562,712,-7688,15472,0
58583,108,-8676,13708,0
58604,752,-10148,13484,0
58633,1680,-9524,14520,0
58648,-228,-9900,16232,0
58669,904,-9532,14760,0
58697,284,-10000,15380,0
58719,752,-9532,13168,0
58739,-124,-8820,13328,0
58763,264,-6528,18756,0
58784,712,-3196,18808,0
58811,936,-2872,15124,0
58831,1164,-3012,16352,0
58853,-988,-3992,17620,0
58874,-164,-704,20212,0
58899,3128,3172,17912,0
58920,760,3560,14588,0
58945,916,3508,12496,0
58967,64,2900,12716,0
58991,468,4756,12476,0
59014,1440,4540,11388,0
59029,1896,5004,11580,0
59054,760,2832,14828,0
59079,1496,3652,18088,0
59101,804,5216,19348,0
59123,2188,4448,17416,0
59146,3608,4332,16664,0
59168,3324,3696,15444,0
59189,3692,1700,16080,0
59218,5500,204,16632,0
59234,5644,-916,15060,0
59259,6792,-1532,12808,0
59279,8156,568,11888,0
59307,9108,1304,12476,0
59327,7788,-468,10592,0
59349,8388,-2368,10052,0
59372,11488,-1468,9984,0
59394,9348,-1672,12116,0
59415,12100,204,11872,0
59441,11280,-60,10916,0
59459,11988,-416,11016,0
59484,11696,-424,12220,0
59505,11268,-2544,14440,0
59530,13676,-216,9240,0
59550,11512,-268,12680,0
59574,9484,36,12960,0
59598,7844,-4908,15080,0
59624,16964,652,17660,0
59639,6092,-112,18084,0
59665,6788,628,15332,0
59686,752,-6028,17064,0
59705,7772,-1304,18512,0
59730,1860,-1496,16764,0
59757,700,388,17080,0
59780,-3356,-3332,16536,0
59800,-536,-1100,15508,0
59820,-3360,-2176,14932,0
59845,-3784,-2412,17092,0
59865,-3248,-2188,15188,0
59890,-4584,-1676,13868,0
59914,-6656,-1076,14504,0
59937,-5476,-2668,15740,0
59956,-4940,-3056,14788,0
59980,-5524,-1740,15116,0
60001,-5084,-1736,12796,0
60029,-5748,-3016,17724,0
60047,-4436,-2276,20676,0
60070,-3604,-1740,16556,0
60092,-2440,-1356,12172,0
60115,-2640,-1964,13664,0
60137,-3744,-1512,22496,0
60160,304,468,18872,0
60181,2780,348,12096,0
60208,4348,-2928,11160,0
60229,1756,-144,15144,0
60256,3076,-36,22516,0
60271,7296,1316,8448,0
60296,7504,532,10968,0
60317,8332,-1336,15332,0
60336,7568,1436,12832,0
60363,11536,1584,11180,0
60385,9140,612,12100,0
60406,8592,948,12264,0
60426,9824,1516,12200,0
60451,10884,1212,13504,0
60475,10220,1400,11608,0
60497,9112,512,11136,0
60521,9004,-848,14824,0
60541,11992,2480,16516,0
60565,9688,1756,14244,0
60586,8544,-824,14140,0
60610,8128,-628,13624,0
60631,8148,-56,15372,0
60659,7104,312,15684,0
60676,6412,196,12744,0
60701,3896,-3200,15308,0
60723,3408,-7264,32767,0
60749,9552,-3944,14544,0
60766,3416,-4496,13200,0
60791,1160,-12876,12000,0
60813,120,-6920,15760,0
60836,5860,-11516,16972,0
60857,3220,-9976,11788,0
60881,1668,-8836,6532,0
60904,-2724,-9140,8960,0
60926,1380,-10880,14912,0
60947,1124,-12952,11020,0
60976,2020,-13300,6516,0
60991,-468,-11560,9444,0
61016,988,-12576,10792,0
61038,920,-13372,9684,0
61062,1800,-12772,12276,0
61082,328,-12324,11780,0
61108,-52,-11372,12396,0
61128,-52,-11092,11268,0
61151,-912,-13836,14268,0
61172,1084,-12472,16144,0
61196,132,-9012,16076,0
61218,24,-6008,16104,0
61241,144,-3696,18668,0
61264,-304,-2792,22320,0
61287,-60,-2272,18536,0
61312,1452,-300,14124,0
61331,-124,2236,12244,0
61352,-1128,1184,12472,0
61376,1464,3768,17188,0
61397,1420,6368,15656,0
61424,140,8212,14536,0
61444,3004,8684,9732,0
61466,-360,6316,9504,0
61487,908,7480,14336,0
61512,2012,9564,12420,0
61533,1784,10772,11064,0
61563,2944,8052,10380,0
61579,1760,9372,11736,0
61602,3508,11252,12160,0
61625,3312,12304,8308,0
61647,3752,11232,10968,0
61667,2736,10200,12040,0
61693,2404,10892,11168,0
61713,4556,14008,8316,0
61739,3016,12748,8420,0
61760,2416,10280,13824,0
61783,1428,6688,13600,0
61802,2300,9516,15896,0
61828,4092,10652,16916,0
61848,1332,7356,17652,0
61874,1616,5428,15296,0
61893,1040,5344,18912,0
61917,1940,5448,23988,0
61940,372,3500,16200,0
61966,568,1580,10600,0
61982,1484,96,17364,0
62007,-472,-2560,20140,0
62029,1184,-2044,15736,0
62052,1736,-3880,14420,0
62072,-16,-2908,17292,0
62098,-2280,-3160,16056,0
62118,-72,-3880,14172,0
62142,-1024,-6108,12692,0
62163,148,-7096,14516,0
62189,-776,-6532,16276,0
62207,-96,-6484,13524,0
62232,-660,-7368,12892,0
62253,-732,-7648,15464,0
62278,-1568,-8920,14772,0
62300,-552,-9052,15984,0
62323,-80,-7988,15416,0
62346,-1316,-7920,14100,0
62367,-1412,-9448,13444,0
62388,-488,-10428,14780,0
62414,-348,-8044,19628,0
62435,232,-3432,17164,0
62458,-2416,-1948,17284,0
62480,916,-4316,13220,0
62506,116,-1156,14464,0
62524,-528,1720,20156,0
62548,-152,2348,17720,0
62568,388,2188,16664,0
62595,2188,2004,11684,0
62614,-1776,3612,11748,0
62638,1832,6636,17620,0
62664,612,6348,13704,0
62685,744,5496,13024,0
62703,320,4632,13428,0
62728,-1384,7304,10684,0
62749,3172,8576,16108,0
62773,1192,5316,21092,0
62795,-576,2776,12132,0
62818,-220,6444,11216,0
62843,1460,6240,20864,0
62864,-224,2448,21128,0
62884,280,524,14180,0
62908,-264,-1760,9880,0
62929,1284,1040,17800,0
62956,-1412,-1996,18980,0
62977,-832,-6052,15544,0
62999,2688,-4976,15464,0
63019,-880,-6036,14304,0
63044,-1140,-7004,14200,0
63064,-652,-7964,17476,0
63091,1520,-8280,14628,0
63111,164,-7496,13188,0
63134,544,-8444,12716,0
63154,-908,-8152,13156,0
63179,-584,-5904,18964,0
63201,396,-3276,16688,0
63226,1112,-436,12904,0
63246,1516,-1408,14172,0
63269,-2000,-3700,15456,0
63289,592,-88,20692,0
63315,1632,416,17380,0
63335,1120,976,15352,0
63359,-228,-652,14616,0
63381,-1380,2672,13844,0
63405,460,1856,21460,0
63425,1516,1852,19524,0
63449,92,2028,17096,0
63469,8,-144,15116,0
63494,248,1768,17664,0
63515,-380,448,14084,0
63539,980,-556,26564,0
63563,596,-220,16536,0
63584,320,1640,16220,0
63605,2712,-2488,16104,0
63631,-1724,100,16576,0
63650,1092,664,16440,0
63674,1828,236,16472,0
63695,-152,-244,16464,0
63722,-476,-728,16412,0
63739,-1100,-792,16388,0
63765,-956,-188,16544,0
63785,-28,-104,16508,0
63810,16,0,16372,0
63830,76,-96,16496,0
63857,-76,-144,16428,0
63875,-12,-12,16440,0
63901,56,-76,16536,0
63922,-68,-72,16252,0
63945,-8,-48,16328,0
63970,-28,-128,16400,0
63989,0,-116,16448,0
64013,4,-140,16360,0
64035,-24,4,16516,0
64055,32,-100,16412,0
64080,4,-128,16548,0
64101,-44,-108,16504,0
64125,28,-108,16452,0
64145,-84,-92,16496,0
64172,100,-44,16300,0
64192,-88,-76,16312,0
64217,-52,-104,16372,0
64235,28,-52,16556,0
64260,-64,-40,16520,0
64282,-24,-44,16520,0
64310,4,-32,16372,0
64328,-92,-88,16496,0
64351,-20,-32,16364,0
64373,16,12,16432,0
64395,-124,28,16344,0
64416,-28,-24,16388,0
64440,4,-84,16352,0
64463,0,-32,16332,0
64486,-132,-184,16468,0
64506,64,-68,16292,0
64531,32,-88,16452,0
64551,-20,-36,16384,0
64571,-28,-20,16352,0
64596,-72,-36,16500,0
64619,108,-128,16496,0
64641,-40,-52,16456,0
64661,-52,88,16400,0
64687,-12,-132,16280,0
64706,-56,-144,16468,0
64731,-44,-192,16420,0
64751,36,-72,16380,0
64806,48,-124,16508,0
64806,-88,-24,16364,0
64844,44,-96,16376,0
64861,12,16,16436,0
64887,-112,-56,16564,0
64908,-24,-124,16392,0
64933,40,-96,16364,0
64955,-92,-196,16524,0
64976,-20,-128,16520,0
65002,12,-72,16260,0
65021,-32,-60,16424,0
65043,-8,-52,16416,0
65067,52,-84,16560,0
65090,-52,-52,16508,0
65112,140,-112,16568,0
65132,168,-76,16556,0
65153,-36,-112,16516,0
65178,-40,36,16432,0
65200,36,-72,16420,0
65255,44,-64,16348,0
65255,-20,-100,16436,0
65335,4,-124,16484,0
65335,44,0,16340,0
65357,-76,-56,16456,0
65378,12,-60,16624,0
65403,-40,-124,16444,0
65423,0,-80,16460,0
65447,32,28,16448,0
65471,20,-72,16468,0
65489,0,-176,16344,0
65513,-80,-112,16432,0
65534,-32,-88,16444,0
65561,-80,40,16384,0
65579,76,-168,16396,0
65604,64,-76,16548,0
65627,-96,-52,16504,0
65677,92,-96,16320,0
65677,4,-80,16456,0
65758,-4,-120,16372,0
65795,56,-64,16472,0
65810,-56,-72,16324,0
65826,12,-88,16392,0
65848,8,-92,16360,0
65872,-4,-64,0,0
65894,24,-56,16592,0
65914,-100,8,16300,0
65939,-28,-76,16372,0
65960,32,-164,16356,0
65986,-56,-176,16408,0
66008,-124,-20,16360,0
66029,16,-80,16544,0
66050,12,-48,16452,0
66074,56,-44,16372,0
66095,-60,-44,16504,0
66119,44,-76,16412,0
66142,-64,-160,16392,0
66164,8,-32,16388,0
66187,32,-92,16616,0
66206,84,-76,16368,0
66230,84,-36,16432,0
66255,-100,0,16384,0
66277,12,-84,16532,0
66298,64,-124,16404,0
66320,-24,-116,16464,0
66340,-20,-112,16452,0
66365,-28,-124,16420,0
66385,16,-136,16296,0
66406,-76,-112,16480,0
66433,-56,-120,16284,0
66454,16,-48,16396,0
66476,-4,-88,16444,0
66496,-32,-84,16496,0
66521,56,-76,16264,0
66543,-32,-152,16452,0
66566,-16,-104,16292,0
66587,-8,-132,16572,0
66611,-36,-192,16388,0
66631,-52,-20,16532,0
66657,-56,-104,16504,0
66676,-4,-56,16524,0
66697,-24,-88,16560,0
66721,36,-116,16416,0
66744,-20,-112,16424,0
66818,-32,-120,16536,0
66819,-40,-120,16452,0
66901,20,-52,16524,0
66903,40,-36,16464,0
66973,36,-48,16636,0
67060,-40,-124,16532,0
67061,16,-100,16508,0
67140,24,-76,16432,0
67188,0,-112,16440,0
67203,-32,-52,16364,0
67218,-16,-52,16424,0
67238,28,-140,16528,0
67259,-68,-144,16504,0
67284,24,-72,16408,0
67304,-68,-116,16504,0
67328,32,-100,16424,0
67348,-20,-72,16436,0
67368,64,24,16304,0
67393,-72,-60,16492,0
67414,-88,-88,16376,0
67443,-4,-168,16356,0
67459,-48,28,16388,0
67483,8,96,16608,0
67504,-128,-124,16440,0
67528,-20,-112,16636,0
67549,4,-16,16324,0
67575,-32,-36,16260,0
67596,-28,-168,16528,0
67624,24,-116,16444,0
67638,112,-96,16556,0
67660,-44,-8,16452,0
67685,-88,-128,16324,0
67704,24,-68,16520,0
67731,68,-72,16440,0
67752,12,-36,16504,0
67778,56,-168,16528,0
67795,-8,-156,16496,0
67819,-12,-12,16432,0
67870,76,-164,16456,0
67870,8,-24,16336,0
67912,-108,-88,16576,0
67931,-32,-160,16500,0
67952,12,-108,16396,0
67974,-16,40,16492,0
68000,-64,0,16420,0
68019,48,-48,16488,0
68041,28,-80,16544,0
68067,-12,-104,16320,0
68085,-60,-160,16336,0
68110,72,-48,16440,0
68130,8,-56,16436,0
68155,44,-136,16496,0
68175,40,64,16408,0
68200,8,-48,16444,0
68223,60,-60,16600,0
68247,16,-4,16360,0
68266,32,36,16520,0
68290,-84,-32,16684,0
68311,48,-148,16496,0
68332,-20,-56,16464,0
68355,72,-96,16232,0
68379,32,-76,16464,0
68403,-12,-68,16328,0
68421,-32,-60,16432,0
68447,-52,-80,16352,0
68467,52,-28,16376,0
68491,28,-120,16176,0
68512,8,-104,16484,0
68537,76,-112,16460,0
68562,-84,-72,16412,0
68581,96,-140,16592,0
68601,-12,-80,16464,0
68626,-80,-180,16408,0
outOfRange
outOfRange
outOfRange
outOfRange
