=====measurements=====
|t|ch1|ch2|ch3|ch4|
191867,12,-220,16464,0
191891,-64,-120,16560,0
191916,64,-112,16464,0
191936,28,4,16400,0
191957,-24,-152,16340,0
191981,-24,-84,16532,0
192002,60,-88,16740,0
192026,16,-32,16400,0
192047,-56,-108,16484,0
192071,-56,-76,16380,0
192092,48,-156,16352,0
192116,-36,-72,16520,0
192137,-28,-60,16360,0
192175,-124,-152,16536,0
192182,-28,-104,16608,0
192207,-28,-160,16472,0
192227,68,-72,16548,0
192248,32,-96,16488,0
192272,52,12,16380,0
192294,72,-132,16540,0
192320,-140,-60,16468,0
192338,64,-44,16404,0
192362,-32,-72,16452,0
192392,32,-60,16564,0
192414,56,-140,16528,0
192428,-44,-88,16500,0
192452,-100,-32,16372,0
192480,20,-64,16396,0
192497,-24,-16,16204,0
192518,-20,-12,16384,0
192545,-20,-56,16520,0
192567,-24,-56,16548,0
192584,24,-28,16372,0
192608,24,-124,16488,0
192637,-64,-172,16356,0
192653,20,-28,16552,0
192674,40,-140,16352,0
192703,-36,-120,16492,0
192719,32,-124,16364,0
192743,0,-52,16456,0
192764,-100,-140,16540,0
192789,-72,-68,16420,0
192809,48,-72,16444,0
192833,100,-128,16540,0
192855,-32,-168,16364,0
192884,-52,-112,16532,0
192899,20,-36,16384,0
192919,16,-100,16440,0
192949,48,-156,16452,0
192964,-72,-144,16532,0
192989,-20,-112,16584,0
193013,-48,-32,16624,0
193046,-4,-56,16476,0
193055,24,-80,16372,0
193079,16,-104,16444,0
193110,8,-188,16536,0
193124,-72,-68,16440,0
193145,-20,-112,16456,0
193169,-64,-60,16492,0
193202,28,-116,16436,0
193210,-44,-44,16532,0
193238,20,-116,16524,0
193262,-4,-88,16508,0
193280,64,-60,16600,0
193300,-64,-76,16396,0
193327,60,-76,16436,0
193356,8,-8,16392,0
193370,-64,-188,16332,0
193390,-92,-80,16432,0
193419,-56,-36,16536,0
193435,0,-144,16564,0
193456,0,-60,16492,0
193483,-24,-116,16412,0
193501,-40,-40,16288,0
193525,28,-132,16464,0
193546,24,-72,16448,0
193579,44,-64,16476,0
193591,-8,-120,16356,0
193615,-20,-88,16516,0
193636,40,-88,16436,0
193661,68,-44,16368,0
193681,24,-92,16472,0
193706,-60,-96,16488,0
193728,-24,-144,16336,0
193757,28,-124,16316,0
193771,-64,-12,16356,0
193795,48,8,16568,0
193825,-28,-64,16292,0
193837,4,-44,16620,0
193861,-24,-80,16544,0
193890,-100,-64,16436,0
193916,20,-120,16408,0
193927,-40,-200,16484,0
193951,-64,-96,16484,0
193985,96,-148,16500,0
193996,40,-76,16468,0
194017,-68,-136,16352,0
194048,4,-176,16496,0
194062,-28,-68,16504,0
194083,0,-192,16552,0
194107,-88,-156,16492,0
194135,64,-116,16352,0
194152,60,28,16476,0
194173,132,-12,16432,0
194197,-36,-184,16344,0
194226,-40,-100,16496,0
194242,68,-64,16512,0
194263,-44,-84,16416,0
194290,-40,-164,16348,0
194308,52,-96,16332,0
194332,100,-128,16432,0
194359,36,8,16360,0
194387,40,-60,16428,0
194398,-20,-204,16488,0
194422,-84,-104,16520,0
194443,-80,-176,16356,0
194463,-68,-84,16596,0
194488,20,-92,16456,0
194516,64,-140,16300,0
194533,96,-112,16572,0
194554,28,-52,16512,0
194578,40,-48,16356,0
194599,-132,-68,16444,0
194623,-64,-164,16596,0
194644,64,-156,16404,0
194670,-36,-116,16528,0
194689,-104,-4,16380,0
194713,-20,-164,16436,0
194734,76,36,16480,0
194765,16,-108,16396,0
194779,72,-48,16544,0
194803,-12,-152,16420,0
194833,-52,-120,16492,0
194859,-36,-128,16576,0
194869,24,-136,16392,0
194889,188,-140,16532,0
194918,-16,-180,16516,0
194934,52,-120,16336,0
194959,16,-124,16444,0
194980,12,-16,16276,0
195017,-104,-72,16504,0
195025,-24,-40,16512,0
195049,-32,-152,16248,0
195071,60,12,16536,0
195103,24,-164,16296,0
195115,28,-104,16380,0
195139,104,-64,16488,0
195160,-96,-128,16512,0
195184,-16,-96,16312,0
195205,28,-128,16424,0
195234,-28,-140,16492,0
195250,-112,-96,16416,0
195271,12,-80,16600,0
195304,-4,-36,16556,0
195327,24,-96,16580,0
195340,4,-92,16480,0
195360,8,-52,16368,0
195389,92,-164,16436,0
195413,-28,-96,16332,0
195426,4,-32,16580,0
195450,40,-92,16508,0
195471,60,-92,16348,0
195495,44,-40,16328,0
195516,40,-204,16416,0
195543,52,-104,16428,0
195561,-36,-132,16536,0
195586,-40,-152,16460,0
195606,-60,-212,16532,0
195640,76,24,16636,0
195651,40,-100,16416,0
195676,-64,-112,16496,0
195697,4,-80,16432,0
195721,-12,-168,16476,0
195741,68,-56,16420,0
195768,4,-220,16468,0
195794,-72,-176,16428,0
195807,36,-56,16380,0
195831,-56,-112,16364,0
195852,88,0,16432,0
195884,-68,-40,16436,0
195897,-4,-160,16388,0
195921,-20,-156,16500,0
195948,36,-156,16596,0
195967,16,-124,16500,0
195987,4,-228,16452,0
196014,-64,-96,16496,0
196032,-72,-40,16332,0
196057,-20,-144,16324,0
196077,28,-68,16476,0
196102,48,-120,16476,0
196122,48,-84,16596,0
196147,-60,-196,16544,0
196169,20,-64,16612,0
196188,16,-112,16372,0
196212,-60,-200,16468,0
196238,-4,-188,16476,0
196263,-60,-172,16404,0
196278,48,-196,16400,0
196302,36,-92,16476,0
196334,8,-88,16464,0
196357,-84,-36,16484,0
196368,36,-136,16444,0
196393,-24,-48,16428,0
196420,28,-68,16328,0
196437,-96,-100,16472,0
196458,52,-164,16504,0
196478,-8,-136,16280,0
196503,-52,-64,16380,0
196523,68,-144,16496,0
196548,4,-164,16388,0
196569,4,-100,16464,0
196598,64,-124,16516,0
196614,-52,-116,16404,0
196638,-36,-112,16504,0
196675,100,-48,16432,0
196683,-32,-84,16344,0
196704,68,-104,16480,0
196732,16,-80,16568,0
196749,-88,-148,16404,0
196773,96,-144,16408,0
196800,128,-148,16548,0
196828,-4,-124,16492,0
196839,-36,-108,16388,0
196864,112,-116,16412,0
196889,-28,-80,16356,0
196905,-20,-108,16608,0
196929,-72,-88,16520,0
196950,-32,-72,16452,0
196986,-92,-76,16572,0
196995,-24,-104,16292,0
197019,64,-168,16496,0
197050,48,-156,16340,0
197064,8,-80,16348,0
197085,4,-140,16572,0
197109,-32,-112,16684,0
197135,-20,8,16512,0
197150,8,-128,16292,0
197175,-52,-20,16404,0
197197,0,-28,16484,0
197220,4,-184,16420,0
197240,-128,-136,16616,0
197265,-24,-76,16376,0
197291,44,-84,16572,0
197310,4,-80,16376,0
197330,-44,-96,16544,0
197355,144,-120,16476,0
197384,24,-4,16460,0
197396,8,-8,16452,0
197420,-28,-128,16536,0
197450,-12,-60,16496,0
197466,64,-80,16480,0
197486,24,-168,16556,0
197516,-52,-188,16540,0
197531,8,-228,16604,0
197556,-16,-80,16516,0
197576,-68,-116,16700,0
197608,-32,-188,16412,0
197621,-60,-144,16436,0
197646,12,-76,16412,0
197670,60,-28,16412,0
197691,124,-68,16668,0
197711,76,-108,16536,0
197736,-8,-32,16320,0
197763,28,-108,16324,0
197781,-8,-184,16536,0
197801,-116,-28,16316,0
197825,-72,-72,16484,0
197854,32,-148,16480,0
197867,52,-104,16484,0
197892,-24,-116,16376,0
197926,-40,-132,16480,0
197937,-48,-48,16520,0
197957,104,-108,16564,0
197983,-124,-232,16488,0
198002,16,0,16524,0
198027,-128,-112,16412,0
198047,0,-52,16412,0
198072,20,-136,16416,0
198092,20,-84,16476,0
198117,12,-76,16292,0
198137,28,-200,16484,0
198168,-12,-104,16460,0
198182,20,-40,16532,0
198203,-60,-152,16496,0
198227,52,-104,16428,0
198248,8,-124,16524,0
198272,-8,-112,16456,0
198296,20,-32,16556,0
198326,-12,-40,16564,0
198338,12,-8,16364,0
198363,8,-76,16528,0
198396,-24,-128,16488,0
198421,16,-96,16476,0
198428,-4,-8,16396,0
198453,-28,-4,16392,0
198483,80,-24,16588,0
198500,-24,-164,16456,0
198518,84,-128,16596,0
198540,-8,-80,16572,0
198563,-28,-56,16504,0
198584,4,-136,16584,0
198608,-72,-64,16544,0
198629,-72,-224,16388,0
198653,-52,-148,16412,0
198674,-16,-56,16476,0
198698,-4,-80,16352,0
198719,-20,-132,16452,0
198740,4,-80,16412,0
198764,-32,-172,16496,0
198791,-72,-92,16376,0
198809,4,-64,16508,0
198830,-72,-60,16444,0
198860,100,-132,16404,0
198892,52,-116,16656,0
198899,20,-152,16564,0
198925,108,-200,16356,0
198944,64,-8,16464,0
198965,-16,-140,16416,0
198989,28,-100,16552,0
199013,76,-140,16480,0
199046,-52,-92,16464,0
199055,16,-40,16460,0
199079,-24,-60,16908,0
199112,-68,-96,16264,0
199121,-28,-76,16584,0
199145,-96,-112,16496,0
199170,60,-92,16424,0
199200,-8,-124,16344,0
199211,84,-156,16396,0
199239,-32,-48,16508,0
199263,48,-120,16396,0
199280,-20,-104,16672,0
199301,-32,8,16564,0
199330,-20,-104,16500,0
199357,-40,-104,16368,0
199370,60,-48,16392,0
199391,-32,-176,16588,0
199422,-20,-144,16532,0
199436,-8,-56,16516,0
199456,48,-64,16552,0
199485,-72,-20,16336,0
199509,-72,-80,16436,0
199526,36,-64,16424,0
199546,136,-40,16408,0
199574,92,-68,16460,0
199591,16,-60,16528,0
199616,-76,-84,16488,0
199636,64,-120,16540,0
199661,20,-112,16508,0
199681,-56,-60,16468,0
199702,40,-64,16308,0
199733,-48,-92,16492,0
199747,-56,-28,16504,0
199771,-64,-112,16488,0
199792,80,-80,16480,0
199820,24,0,16440,0
199837,52,-84,16264,0
199862,24,-112,16320,0
199888,48,-140,16424,0
199914,-64,-56,16328,0
199927,-20,-56,16552,0
199952,68,-40,16536,0
199976,20,-96,16472,0
199997,124,-188,16432,0
200017,-20,-136,16672,0
200042,36,-100,16528,0
200062,-36,-92,16448,0
200083,4,-120,16444,0
200110,40,-96,16568,0
200139,-92,-96,16388,0
200153,-24,-16,16556,0
200175,-28,-48,16392,0
200199,-56,-124,16436,0
200218,-52,-120,16452,0
200242,68,-96,16540,0
200263,16,-176,16532,0
200289,0,-64,16548,0
200308,-32,-104,16548,0
200328,76,-8,16396,0
200357,36,-116,16380,0
